0 0.07572115384615384 0.4483173076923077 0.020432692307692308 0.020432692307692308
0 0.11778846153846154 0.11538461538461539 0.018028846153846152 0.018028846153846152
0 0.23557692307692307 0.20793269230769232 0.020432692307692308 0.020432692307692308
0 0.2920673076923077 0.014423076923076924 0.021634615384615384 0.021634615384615384
0 0.3088942307692308 0.5480769230769231 0.020432692307692308 0.020432692307692308
0 0.052884615384615384 0.5204326923076923 0.016826923076923076 0.016826923076923076
0 0.06370192307692307 0.09254807692307693 0.016826923076923076 0.016826923076923076
0 0.5492788461538461 0.15745192307692307 0.021634615384615384 0.021634615384615384
0 0.7668269230769231 0.1502403846153846 0.02283653846153846 0.02283653846153846
0 0.6995192307692307 0.16706730769230768 0.028846153846153848 0.028846153846153848
0 0.7451923076923077 0.27524038461538464 0.021634615384615384 0.021634615384615384
0 0.9855769230769231 0.578125 0.02283653846153846 0.02283653846153846
0 0.8173076923076923 0.6502403846153846 0.03125 0.03125
0 0.6983173076923077 0.5721153846153846 0.020432692307692308 0.020432692307692308
0 0.44591346153846156 0.7644230769230769 0.018028846153846152 0.018028846153846152
0 0.30408653846153844 0.8269230769230769 0.037259615384615384 0.037259615384615384
0 0.26802884615384615 0.8245192307692307 0.028846153846153848 0.028846153846153848
0 0.25961538461538464 0.8497596153846154 0.030048076923076924 0.030048076923076924
0 0.2704326923076923 0.5757211538461539 0.016826923076923076 0.016826923076923076
0 0.04447115384615385 0.8870192307692307 0.016826923076923076 0.016826923076923076
0 0.6129807692307693 0.18389423076923078 0.025240384615384616 0.025240384615384616
0 0.6622596153846154 0.14302884615384615 0.028846153846153848 0.028846153846153848