0 0.0673076923076923 0.4230769230769231 0.052884615384615384 0.052884615384615384
0 0.02283653846153846 0.4483173076923077 0.02283653846153846 0.02283653846153846
0 0.25961538461538464 0.3245192307692308 0.04326923076923077 0.04326923076923077
0 0.28966346153846156 0.31971153846153844 0.021634615384615384 0.021634615384615384
0 0.29447115384615385 0.2247596153846154 0.021634615384615384 0.021634615384615384
0 0.1346153846153846 0.037259615384615384 0.020432692307692308 0.020432692307692308
0 0.28725961538461536 0.4855769230769231 0.020432692307692308 0.020432692307692308
0 0.36899038461538464 0.34615384615384615 0.05048076923076923 0.05048076923076923
0 0.33533653846153844 0.3269230769230769 0.020432692307692308 0.020432692307692308
0 0.2920673076923077 0.33533653846153844 0.028846153846153848 0.028846153846153848
0 0.3016826923076923 0.35096153846153844 0.020432692307692308 0.020432692307692308
0 0.38461538461538464 0.27403846153846156 0.08533653846153846 0.08533653846153846
0 0.3954326923076923 0.09735576923076923 0.05889423076923077 0.05889423076923077
0 0.45072115384615385 0.19951923076923078 0.11298076923076923 0.11298076923076923
0 0.1502403846153846 0.3473557692307692 0.021634615384615384 0.021634615384615384
0 0.29447115384615385 0.40865384615384615 0.020432692307692308 0.020432692307692308
0 0.3449519230769231 0.53125 0.018028846153846152 0.018028846153846152
0 0.4567307692307692 0.42788461538461536 0.026442307692307692 0.026442307692307692
0 0.46634615384615385 0.38100961538461536 0.020432692307692308 0.020432692307692308
0 0.5913461538461539 0.12980769230769232 0.03365384615384615 0.03365384615384615
0 0.6021634615384616 0.40024038461538464 0.03125 0.03125
0 0.5745192307692307 0.4362980769230769 0.02283653846153846 0.02283653846153846
0 0.6009615384615384 0.47115384615384615 0.020432692307692308 0.020432692307692308
0 0.5528846153846154 0.4795673076923077 0.018028846153846152 0.018028846153846152
0 0.5120192307692307 0.28725961538461536 0.016826923076923076 0.016826923076923076
0 0.5865384615384616 0.34375 0.02283653846153846 0.02283653846153846
0 0.5420673076923077 0.3918269230769231 0.020432692307692308 0.020432692307692308
0 0.6201923076923077 0.3786057692307692 0.018028846153846152 0.018028846153846152
0 0.6538461538461539 0.45913461538461536 0.020432692307692308 0.020432692307692308
0 0.8629807692307693 0.4326923076923077 0.16346153846153846 0.16346153846153846
0 0.7620192307692307 0.3245192307692308 0.09134615384615384 0.09134615384615384
0 0.6790865384615384 0.2283653846153846 0.042067307692307696 0.042067307692307696
0 0.8052884615384616 0.5600961538461539 0.021634615384615384 0.021634615384615384
0 0.7680288461538461 0.20072115384615385 0.021634615384615384 0.021634615384615384
0 0.8629807692307693 0.9627403846153846 0.025240384615384616 0.025240384615384616
0 0.7596153846153846 0.9459134615384616 0.03125 0.03125
0 0.5625 0.9447115384615384 0.026442307692307692 0.026442307692307692
0 0.59375 0.9471153846153846 0.03485576923076923 0.03485576923076923
0 0.8870192307692307 0.65625 0.039663461538461536 0.039663461538461536
0 0.34975961538461536 0.7079326923076923 0.018028846153846152 0.018028846153846152
0 0.30528846153846156 0.6875 0.020432692307692308 0.020432692307692308
0 0.30408653846153844 0.65625 0.02283653846153846 0.02283653846153846
0 0.29086538461538464 0.6682692307692307 0.021634615384615384 0.021634615384615384
0 0.27163461538461536 0.6862980769230769 0.016826923076923076 0.016826923076923076
0 0.14543269230769232 0.7644230769230769 0.016826923076923076 0.016826923076923076
0 0.16947115384615385 0.7788461538461539 0.020432692307692308 0.020432692307692308
0 0.3629807692307692 0.9903846153846154 0.018028846153846152 0.018028846153846152
0 0.34975961538461536 0.875 0.016826923076923076 0.016826923076923076
0 0.2536057692307692 0.23677884615384615 0.018028846153846152 0.018028846153846152
0 0.38461538461538464 0.06490384615384616 0.051682692307692304 0.051682692307692304
0 0.8413461538461539 0.051682692307692304 0.020432692307692308 0.020432692307692308
0 0.6790865384615384 0.5841346153846154 0.018028846153846152 0.018028846153846152
0 0.8533653846153846 0.7560096153846154 0.055288461538461536 0.055288461538461536
0 0.8413461538461539 0.8028846153846154 0.021634615384615384 0.021634615384615384
0 0.6478365384615384 0.8269230769230769 0.03365384615384615 0.03365384615384615