0 0.35697115384615385 0.7932692307692307 0.3737980769230769 0.3737980769230769
0 0.9603365384615384 0.2283653846153846 0.026442307692307692 0.026442307692307692
0 0.9411057692307693 0.2668269230769231 0.03365384615384615 0.03365384615384615
0 0.3245192307692308 0.042067307692307696 0.016826923076923076 0.016826923076923076
0 0.18389423076923078 0.5492788461538461 0.020432692307692308 0.020432692307692308
0 0.22115384615384615 0.27283653846153844 0.04807692307692308 0.04807692307692308
0 0.20552884615384615 0.30649038461538464 0.051682692307692304 0.051682692307692304
0 0.171875 0.3173076923076923 0.020432692307692308 0.020432692307692308
0 0.19591346153846154 0.34975961538461536 0.042067307692307696 0.042067307692307696
0 0.3737980769230769 0.49399038461538464 0.03365384615384615 0.03365384615384615
0 0.28365384615384615 0.5961538461538461 0.06009615384615385 0.06009615384615385
0 0.7055288461538461 0.578125 0.04807692307692308 0.04807692307692308
0 0.5721153846153846 0.6141826923076923 0.04447115384615385 0.04447115384615385
0 0.44711538461538464 0.5504807692307693 0.038461538461538464 0.038461538461538464
0 0.46033653846153844 0.5252403846153846 0.042067307692307696 0.042067307692307696
0 0.34375 0.6045673076923077 0.03485576923076923 0.03485576923076923
0 0.34615384615384615 0.6286057692307693 0.03125 0.03125
0 0.24639423076923078 0.65625 0.028846153846153848 0.028846153846153848
0 0.08774038461538461 0.6105769230769231 0.055288461538461536 0.055288461538461536
0 0.1346153846153846 0.47716346153846156 0.04447115384615385 0.04447115384615385
0 0.42788461538461536 0.24519230769230768 0.026442307692307692 0.026442307692307692
0 0.36658653846153844 0.27403846153846156 0.021634615384615384 0.021634615384615384
0 0.36778846153846156 0.23317307692307693 0.04447115384615385 0.04447115384615385
0 0.1310096153846154 0.18269230769230768 0.03485576923076923 0.03485576923076923
0 0.4170673076923077 0.1502403846153846 0.038461538461538464 0.038461538461538464
0 0.5492788461538461 0.15985576923076922 0.039663461538461536 0.039663461538461536
0 0.5637019230769231 0.18990384615384615 0.03365384615384615 0.03365384615384615
0 0.5516826923076923 0.29927884615384615 0.025240384615384616 0.025240384615384616
0 0.5661057692307693 0.31490384615384615 0.037259615384615384 0.037259615384615384
0 0.6177884615384616 0.34975961538461536 0.020432692307692308 0.020432692307692308
0 0.4326923076923077 0.4735576923076923 0.021634615384615384 0.021634615384615384
0 0.4963942307692308 0.5204326923076923 0.026442307692307692 0.026442307692307692
0 0.5252403846153846 0.5168269230769231 0.03485576923076923 0.03485576923076923
0 0.5492788461538461 0.5637019230769231 0.08774038461538461 0.08774038461538461
0 0.3713942307692308 0.42908653846153844 0.042067307692307696 0.042067307692307696
0 0.49038461538461536 0.3918269230769231 0.028846153846153848 0.028846153846153848
0 0.6033653846153846 0.5204326923076923 0.038461538461538464 0.038461538461538464
0 0.828125 0.5516826923076923 0.051682692307692304 0.051682692307692304
0 0.5697115384615384 0.6730769230769231 0.10216346153846154 0.10216346153846154
0 0.4014423076923077 0.6177884615384616 0.02283653846153846 0.02283653846153846
0 0.7463942307692307 0.2620192307692308 0.026442307692307692 0.026442307692307692
0 0.734375 0.25 0.028846153846153848 0.028846153846153848
0 0.8004807692307693 0.30528846153846156 0.025240384615384616 0.025240384615384616
0 0.8028846153846154 0.3870192307692308 0.11658653846153846 0.11658653846153846
0 0.8858173076923077 0.5024038461538461 0.04326923076923077 0.04326923076923077
0 0.4387019230769231 0.18870192307692307 0.028846153846153848 0.028846153846153848
0 0.4795673076923077 0.5733173076923077 0.026442307692307692 0.026442307692307692
0 0.8677884615384616 0.20673076923076922 0.09375 0.09375
0 0.8846153846153846 0.1622596153846154 0.046875 0.046875
0 0.8617788461538461 0.11658653846153846 0.028846153846153848 0.028846153846153848
0 0.6045673076923077 0.1778846153846154 0.030048076923076924 0.030048076923076924
0 0.8052884615384616 0.19951923076923078 0.028846153846153848 0.028846153846153848
0 0.7896634615384616 0.22716346153846154 0.052884615384615384 0.052884615384615384
0 0.7487980769230769 0.19110576923076922 0.06009615384615385 0.06009615384615385
0 0.7860576923076923 0.15865384615384615 0.05048076923076923 0.05048076923076923
0 0.9050480769230769 0.109375 0.030048076923076924 0.030048076923076924
0 0.9855769230769231 0.16105769230769232 0.02283653846153846 0.02283653846153846
0 0.9423076923076923 0.3762019230769231 0.021634615384615384 0.021634615384615384
0 0.9711538461538461 0.3858173076923077 0.03485576923076923 0.03485576923076923
0 0.9555288461538461 0.4074519230769231 0.04447115384615385 0.04447115384615385
0 0.9074519230769231 0.44471153846153844 0.021634615384615384 0.021634615384615384
0 0.9387019230769231 0.5192307692307693 0.042067307692307696 0.042067307692307696
0 0.9675480769230769 0.5420673076923077 0.03365384615384615 0.03365384615384615
0 0.9807692307692307 0.11778846153846154 0.016826923076923076 0.016826923076923076
0 0.9278846153846154 0.17427884615384615 0.02283653846153846 0.02283653846153846
0 0.8677884615384616 0.8305288461538461 0.11177884615384616 0.11177884615384616
0 0.6322115384615384 0.8016826923076923 0.025240384615384616 0.025240384615384616
0 0.7896634615384616 0.9567307692307693 0.028846153846153848 0.028846153846153848
0 0.7980769230769231 0.9759615384615384 0.025240384615384616 0.025240384615384616
0 0.7824519230769231 0.9867788461538461 0.02283653846153846 0.02283653846153846
0 0.7728365384615384 0.9579326923076923 0.038461538461538464 0.038461538461538464
0 0.5817307692307693 0.9867788461538461 0.02403846153846154 0.026442307692307692
0 0.9146634615384616 0.7079326923076923 0.038461538461538464 0.038461538461538464
0 0.9338942307692307 0.7524038461538461 0.06490384615384616 0.06490384615384616
0 0.8293269230769231 0.7836538461538461 0.028846153846153848 0.028846153846153848
0 0.8100961538461539 0.7932692307692307 0.03485576923076923 0.03485576923076923
0 0.6490384615384616 0.8329326923076923 0.04326923076923077 0.04326923076923077
0 0.6009615384615384 0.7752403846153846 0.026442307692307692 0.026442307692307692
0 0.6983173076923077 0.8605769230769231 0.078125 0.078125
0 0.8353365384615384 0.8978365384615384 0.09014423076923077 0.09014423076923077
0 0.9110576923076923 0.9627403846153846 0.06850961538461539 0.06850961538461539
0 0.7932692307692307 0.859375 0.06971153846153846 0.06971153846153846
0 0.5697115384615384 0.9194711538461539 0.028846153846153848 0.028846153846153848
0 0.546875 0.9387019230769231 0.04807692307692308 0.04807692307692308
0 0.4519230769230769 0.9338942307692307 0.025240384615384616 0.025240384615384616
0 0.44711538461538464 0.9519230769230769 0.051682692307692304 0.051682692307692304
0 0.38341346153846156 0.9711538461538461 0.018028846153846152 0.018028846153846152
0 0.23798076923076922 0.9254807692307693 0.03485576923076923 0.03485576923076923
0 0.22115384615384615 0.90625 0.021634615384615384 0.021634615384615384
0 0.41346153846153844 0.7824519230769231 0.030048076923076924 0.030048076923076924
0 0.4362980769230769 0.7644230769230769 0.0829326923076923 0.0829326923076923
0 0.45552884615384615 0.8088942307692307 0.08774038461538461 0.08774038461538461
0 0.5612980769230769 0.78125 0.018028846153846152 0.018028846153846152
0 0.5745192307692307 0.7536057692307693 0.021634615384615384 0.021634615384615384
0 0.5661057692307693 0.7355769230769231 0.02283653846153846 0.02283653846153846
0 0.5829326923076923 0.875 0.018028846153846152 0.018028846153846152
0 0.5240384615384616 0.9699519230769231 0.020432692307692308 0.020432692307692308
0 0.4170673076923077 0.9723557692307693 0.021634615384615384 0.021634615384615384
0 0.07692307692307693 0.9507211538461539 0.04326923076923077 0.04326923076923077
0 0.040865384615384616 0.9723557692307693 0.021634615384615384 0.021634615384615384
0 0.12620192307692307 0.9038461538461539 0.02283653846153846 0.02283653846153846
0 0.7403846153846154 0.9278846153846154 0.02283653846153846 0.02283653846153846
0 0.039663461538461536 0.7247596153846154 0.04326923076923077 0.04326923076923077
0 0.030048076923076924 0.6923076923076923 0.051682692307692304 0.051682692307692304
0 0.11298076923076923 0.9471153846153846 0.042067307692307696 0.042067307692307696
0 0.18389423076923078 0.9579326923076923 0.05048076923076923 0.05048076923076923
0 0.1622596153846154 0.8533653846153846 0.04326923076923077 0.04326923076923077
0 0.36899038461538464 0.1201923076923077 0.026442307692307692 0.026442307692307692
0 0.32572115384615385 0.09375 0.051682692307692304 0.051682692307692304
0 0.16105769230769232 0.07211538461538461 0.04807692307692308 0.04807692307692308
0 0.47596153846153844 0.14423076923076922 0.0985576923076923 0.0985576923076923
0 0.042067307692307696 0.1778846153846154 0.028846153846153848 0.028846153846153848
0 0.28966346153846156 0.04807692307692308 0.039663461538461536 0.039663461538461536
0 0.18870192307692307 0.28125 0.10697115384615384 0.10697115384615384
0 0.28125 0.3125 0.06610576923076923 0.06610576923076923
0 0.4230769230769231 0.36177884615384615 0.08774038461538461 0.08774038461538461
0 0.25721153846153844 0.36778846153846156 0.046875 0.046875
0 0.24278846153846154 0.4170673076923077 0.08774038461538461 0.08774038461538461
0 0.1045673076923077 0.23677884615384615 0.052884615384615384 0.052884615384615384
0 0.3425480769230769 0.34975961538461536 0.021634615384615384 0.021634615384615384
0 0.4014423076923077 0.47115384615384615 0.042067307692307696 0.042067307692307696
0 0.1778846153846154 0.578125 0.04326923076923077 0.04326923076923077
0 0.48677884615384615 0.23798076923076922 0.038461538461538464 0.038461538461538464
0 0.9038461538461539 0.39302884615384615 0.06370192307692307 0.06370192307692307
0 0.9194711538461539 0.47716346153846156 0.025240384615384616 0.025240384615384616
0 0.8473557692307693 0.5108173076923077 0.026442307692307692 0.026442307692307692
0 0.5637019230769231 0.39783653846153844 0.028846153846153848 0.028846153846153848
0 0.5204326923076923 0.4014423076923077 0.026442307692307692 0.026442307692307692
0 0.49038461538461536 0.4230769230769231 0.051682692307692304 0.051682692307692304
0 0.8557692307692307 0.6201923076923077 0.028846153846153848 0.028846153846153848
0 0.9855769230769231 0.9254807692307693 0.028846153846153848 0.028846153846153848
0 0.1045673076923077 0.7536057692307693 0.08173076923076923 0.08173076923076923