0 0.8413461538461539 0.05889423076923077 0.021634615384615384 0.021634615384615384
0 0.78125 0.03485576923076923 0.028846153846153848 0.028846153846153848
0 0.7644230769230769 0.06490384615384616 0.042067307692307696 0.042067307692307696
0 0.7427884615384616 0.019230769230769232 0.021634615384615384 0.021634615384615384
0 0.6682692307692307 0.11899038461538461 0.021634615384615384 0.021634615384615384
0 0.11298076923076923 0.06850961538461539 0.030048076923076924 0.030048076923076924
0 0.23677884615384615 0.04807692307692308 0.02283653846153846 0.02283653846153846
0 0.17548076923076922 0.6117788461538461 0.021634615384615384 0.021634615384615384
0 0.13341346153846154 0.59375 0.016826923076923076 0.016826923076923076
0 0.14543269230769232 0.5132211538461539 0.020432692307692308 0.020432692307692308
0 0.32091346153846156 0.5877403846153846 0.020432692307692308 0.020432692307692308
0 0.014423076923076924 0.13942307692307693 0.020432692307692308 0.020432692307692308
0 0.09975961538461539 0.3137019230769231 0.018028846153846152 0.018028846153846152
0 0.23557692307692307 0.20192307692307693 0.021634615384615384 0.021634615384615384
0 0.3245192307692308 0.15985576923076922 0.1814903846153846 0.1814903846153846
0 0.39783653846153844 0.4699519230769231 0.020432692307692308 0.020432692307692308
0 0.2512019230769231 0.45552884615384615 0.018028846153846152 0.018028846153846152
0 0.6009615384615384 0.5096153846153846 0.020432692307692308 0.020432692307692308
0 0.6262019230769231 0.6153846153846154 0.020432692307692308 0.020432692307692308
0 0.6646634615384616 0.44471153846153844 0.021634615384615384 0.021634615384615384
0 0.7463942307692307 0.35216346153846156 0.018028846153846152 0.018028846153846152
0 0.6346153846153846 0.1971153846153846 0.020432692307692308 0.020432692307692308
0 0.6081730769230769 0.13822115384615385 0.018028846153846152 0.018028846153846152
0 0.5685096153846154 0.1310096153846154 0.020432692307692308 0.020432692307692308
0 0.6682692307692307 0.1502403846153846 0.018028846153846152 0.018028846153846152
0 0.7403846153846154 0.17427884615384615 0.020432692307692308 0.020432692307692308
0 0.9170673076923077 0.18389423076923078 0.018028846153846152 0.018028846153846152
0 0.8737980769230769 0.20192307692307693 0.018028846153846152 0.018028846153846152
0 0.8930288461538461 0.24759615384615385 0.018028846153846152 0.018028846153846152
0 0.7572115384615384 0.2848557692307692 0.02283653846153846 0.02283653846153846
0 0.7776442307692307 0.2920673076923077 0.030048076923076924 0.030048076923076924
0 0.7824519230769231 0.3161057692307692 0.020432692307692308 0.020432692307692308
0 0.8088942307692307 0.35096153846153844 0.03365384615384615 0.03365384615384615
0 0.8197115384615384 0.3161057692307692 0.020432692307692308 0.020432692307692308
0 0.7836538461538461 0.3870192307692308 0.055288461538461536 0.055288461538461536
0 0.7403846153846154 0.4495192307692308 0.018028846153846152 0.018028846153846152
0 0.7331730769230769 0.47836538461538464 0.016826923076923076 0.016826923076923076
0 0.7896634615384616 0.6262019230769231 0.030048076923076924 0.030048076923076924
0 0.7704326923076923 0.6742788461538461 0.018028846153846152 0.018028846153846152
0 0.6983173076923077 0.6394230769230769 0.016826923076923076 0.016826923076923076
0 0.8762019230769231 0.5925480769230769 0.025240384615384616 0.025240384615384616
0 0.9663461538461539 0.44711538461538464 0.025240384615384616 0.025240384615384616
0 0.9795673076923077 0.47836538461538464 0.026442307692307692 0.026442307692307692
0 0.9230769230769231 0.3762019230769231 0.020432692307692308 0.020432692307692308
0 0.9639423076923077 0.8353365384615384 0.016826923076923076 0.016826923076923076
0 0.8713942307692307 0.8185096153846154 0.037259615384615384 0.037259615384615384
0 0.9735576923076923 0.9387019230769231 0.018028846153846152 0.018028846153846152
0 0.9615384615384616 0.9771634615384616 0.016826923076923076 0.016826923076923076
0 0.9471153846153846 0.9663461538461539 0.02283653846153846 0.02283653846153846
0 0.6971153846153846 0.8653846153846154 0.021634615384615384 0.021634615384615384
0 0.6838942307692307 0.8786057692307693 0.016826923076923076 0.016826923076923076
0 0.671875 0.96875 0.021634615384615384 0.021634615384615384
0 0.5997596153846154 0.9747596153846154 0.025240384615384616 0.025240384615384616
0 0.5552884615384616 0.9411057692307693 0.02283653846153846 0.02283653846153846
0 0.8040865384615384 0.7728365384615384 0.025240384615384616 0.025240384615384616
0 0.8028846153846154 0.7884615384615384 0.02283653846153846 0.02283653846153846
0 0.5997596153846154 0.6887019230769231 0.028846153846153848 0.028846153846153848
0 0.6081730769230769 0.7139423076923077 0.016826923076923076 0.016826923076923076
0 0.5084134615384616 0.7379807692307693 0.020432692307692308 0.020432692307692308
0 0.515625 0.7896634615384616 0.020432692307692308 0.020432692307692308
0 0.5721153846153846 0.8377403846153846 0.02283653846153846 0.02283653846153846
0 0.47716346153846156 0.8125 0.02283653846153846 0.02283653846153846
0 0.6550480769230769 0.9122596153846154 0.018028846153846152 0.018028846153846152
0 0.35336538461538464 0.90625 0.021634615384615384 0.021634615384615384
0 0.33774038461538464 0.8930288461538461 0.025240384615384616 0.025240384615384616
0 0.33413461538461536 0.7451923076923077 0.016826923076923076 0.016826923076923076
0 0.33533653846153844 0.7151442307692307 0.02283653846153846 0.02283653846153846
0 0.5168269230769231 0.6838942307692307 0.021634615384615384 0.021634615384615384
0 0.24759615384615385 0.3088942307692308 0.025240384615384616 0.025240384615384616