0 0.9651442307692307 0.009615384615384616 0.021634615384615384 0.019230769230769232
0 0.9459134615384616 0.05889423076923077 0.037259615384615384 0.037259615384615384
0 0.9026442307692307 0.0889423076923077 0.06129807692307692 0.06129807692307692
0 0.9086538461538461 0.11298076923076923 0.04447115384615385 0.04447115384615385
0 0.8401442307692307 0.17307692307692307 0.04326923076923077 0.04326923076923077
0 0.7572115384615384 0.140625 0.11177884615384616 0.11177884615384616
0 0.6778846153846154 0.21875 0.10697115384615384 0.10697115384615384
0 0.6538461538461539 0.15985576923076922 0.08774038461538461 0.08774038461538461
0 0.5853365384615384 0.1971153846153846 0.02283653846153846 0.02283653846153846
0 0.578125 0.2536057692307692 0.016826923076923076 0.016826923076923076
0 0.8677884615384616 0.3112980769230769 0.04326923076923077 0.04326923076923077
0 0.6995192307692307 0.3557692307692308 0.04447115384615385 0.04447115384615385
0 0.9278846153846154 0.24879807692307693 0.020432692307692308 0.020432692307692308
0 0.8762019230769231 0.4375 0.018028846153846152 0.018028846153846152
0 0.7896634615384616 0.3293269230769231 0.025240384615384616 0.025240384615384616
0 0.3293269230769231 0.18028846153846154 0.02283653846153846 0.02283653846153846
0 0.31971153846153844 0.02283653846153846 0.030048076923076924 0.030048076923076924
0 0.2776442307692308 0.07692307692307693 0.08774038461538461 0.08774038461538461
0 0.3798076923076923 0.06129807692307692 0.018028846153846152 0.018028846153846152
0 0.5048076923076923 0.0733173076923077 0.016826923076923076 0.016826923076923076
0 0.5817307692307693 0.20552884615384615 0.08653846153846154 0.08653846153846154
0 0.18990384615384615 0.22235576923076922 0.03125 0.03125
0 0.21634615384615385 0.18028846153846154 0.03125 0.03125
0 0.15625 0.08173076923076923 0.09975961538461539 0.09975961538461539
0 0.1622596153846154 0.1466346153846154 0.10697115384615384 0.10697115384615384
0 0.2608173076923077 0.2644230769230769 0.030048076923076924 0.030048076923076924
0 0.34134615384615385 0.30528846153846156 0.021634615384615384 0.021634615384615384
0 0.35697115384615385 0.27403846153846156 0.06129807692307692 0.06129807692307692
0 0.39302884615384615 0.28725961538461536 0.026442307692307692 0.026442307692307692
0 0.44711538461538464 0.2620192307692308 0.02283653846153846 0.02283653846153846
0 0.42788461538461536 0.44350961538461536 0.0733173076923077 0.0733173076923077
0 0.27524038461538464 0.40865384615384615 0.042067307692307696 0.042067307692307696
0 0.3269230769230769 0.4423076923076923 0.025240384615384616 0.025240384615384616
0 0.15144230769230768 0.47115384615384615 0.028846153846153848 0.028846153846153848
0 0.057692307692307696 0.38100961538461536 0.02283653846153846 0.02283653846153846
0 0.1045673076923077 0.2644230769230769 0.03365384615384615 0.03365384615384615
0 0.08774038461538461 0.24639423076923078 0.028846153846153848 0.028846153846153848
0 0.11298076923076923 0.20793269230769232 0.016826923076923076 0.016826923076923076
0 0.10096153846153846 0.1875 0.018028846153846152 0.018028846153846152
0 0.0829326923076923 0.16466346153846154 0.03485576923076923 0.03485576923076923
0 0.04807692307692308 0.21033653846153846 0.03125 0.03125
0 0.046875 0.22956730769230768 0.037259615384615384 0.037259615384615384
0 0.028846153846153848 0.2548076923076923 0.03125 0.03125
0 0.016826923076923076 0.13701923076923078 0.025240384615384616 0.025240384615384616
0 0.03125 0.14903846153846154 0.020432692307692308 0.020432692307692308
0 0.03245192307692308 0.12860576923076922 0.020432692307692308 0.020432692307692308
0 0.021634615384615384 0.4831730769230769 0.037259615384615384 0.037259615384615384
0 0.03125 0.5 0.02283653846153846 0.02283653846153846
0 0.040865384615384616 0.59375 0.020432692307692308 0.020432692307692308
0 0.04326923076923077 0.7259615384615384 0.08653846153846154 0.08653846153846154
0 0.1502403846153846 0.9074519230769231 0.042067307692307696 0.042067307692307696
0 0.14783653846153846 0.9387019230769231 0.020432692307692308 0.020432692307692308
0 0.22115384615384615 0.859375 0.14302884615384615 0.14302884615384615
0 0.16706730769230768 0.9266826923076923 0.021634615384615384 0.021634615384615384
0 0.2764423076923077 0.9831730769230769 0.020432692307692308 0.020432692307692308
0 0.27884615384615385 0.7127403846153846 0.020432692307692308 0.020432692307692308
0 0.22716346153846154 0.6478365384615384 0.020432692307692308 0.020432692307692308
0 0.29447115384615385 0.7728365384615384 0.020432692307692308 0.020432692307692308
0 0.3713942307692308 0.9519230769230769 0.03365384615384615 0.03365384615384615
0 0.18870192307692307 0.5384615384615384 0.021634615384615384 0.021634615384615384
0 0.13942307692307693 0.3786057692307692 0.018028846153846152 0.018028846153846152
0 0.25721153846153844 0.6129807692307693 0.03125 0.03125
0 0.3016826923076923 0.6225961538461539 0.042067307692307696 0.042067307692307696
0 0.35336538461538464 0.7043269230769231 0.021634615384615384 0.021634615384615384
0 0.3449519230769231 0.6322115384615384 0.021634615384615384 0.021634615384615384
0 0.47475961538461536 0.515625 0.018028846153846152 0.018028846153846152
0 0.5853365384615384 0.6430288461538461 0.028846153846153848 0.028846153846153848
0 0.5733173076923077 0.65625 0.018028846153846152 0.018028846153846152
0 0.6045673076923077 0.6646634615384616 0.030048076923076924 0.030048076923076924
0 0.6129807692307693 0.6838942307692307 0.020432692307692308 0.020432692307692308
0 0.6237980769230769 0.6983173076923077 0.021634615384615384 0.021634615384615384
0 0.43509615384615385 0.5036057692307693 0.026442307692307692 0.026442307692307692
0 0.5408653846153846 0.46274038461538464 0.018028846153846152 0.018028846153846152
0 0.6454326923076923 0.6550480769230769 0.021634615384615384 0.021634615384615384
0 0.44471153846153844 0.7716346153846154 0.021634615384615384 0.021634615384615384
0 0.8052884615384616 0.5769230769230769 0.3870192307692308 0.3870192307692308
0 0.9783653846153846 0.9302884615384616 0.042067307692307696 0.042067307692307696
0 0.9603365384615384 0.9134615384615384 0.020432692307692308 0.020432692307692308
0 0.9471153846153846 0.9014423076923077 0.020432692307692308 0.020432692307692308
0 0.9326923076923077 0.8810096153846154 0.018028846153846152 0.018028846153846152
0 0.8629807692307693 0.8846153846153846 0.05048076923076923 0.05048076923076923
0 0.9002403846153846 0.875 0.020432692307692308 0.020432692307692308
0 0.8569711538461539 0.9663461538461539 0.020432692307692308 0.020432692307692308
0 0.6622596153846154 0.9411057692307693 0.04326923076923077 0.04326923076923077
0 0.5144230769230769 0.96875 0.026442307692307692 0.026442307692307692
0 0.4795673076923077 0.9254807692307693 0.038461538461538464 0.038461538461538464
0 0.5528846153846154 0.8257211538461539 0.016826923076923076 0.016826923076923076
0 0.2824519230769231 0.9411057692307693 0.07211538461538461 0.07211538461538461
0 0.78125 0.05889423076923077 0.10336538461538461 0.10336538461538461
0 0.21754807692307693 0.10096153846153846 0.026442307692307692 0.026442307692307692
0 0.7896634615384616 0.2848557692307692 0.056490384615384616 0.056490384615384616