0 0.7163461538461539 0.039663461538461536 0.026442307692307692 0.026442307692307692
0 0.7824519230769231 0.19110576923076922 0.02283653846153846 0.02283653846153846
0 0.890625 0.1814903846153846 0.02283653846153846 0.02283653846153846
0 0.6358173076923077 0.140625 0.018028846153846152 0.018028846153846152
0 0.6430288461538461 0.20072115384615385 0.018028846153846152 0.018028846153846152
0 0.5709134615384616 0.14903846153846154 0.15504807692307693 0.15504807692307693
0 0.44711538461538464 0.18028846153846154 0.04807692307692308 0.04807692307692308
0 0.8088942307692307 0.3269230769230769 0.018028846153846152 0.018028846153846152
0 0.7836538461538461 0.30528846153846156 0.06129807692307692 0.06129807692307692
0 0.6983173076923077 0.2512019230769231 0.018028846153846152 0.018028846153846152
0 0.6682692307692307 0.31850961538461536 0.02283653846153846 0.02283653846153846
0 0.6442307692307693 0.328125 0.030048076923076924 0.030048076923076924
0 0.421875 0.28125 0.03125 0.03125
0 0.3088942307692308 0.2127403846153846 0.021634615384615384 0.021634615384615384
0 0.2860576923076923 0.22956730769230768 0.021634615384615384 0.021634615384615384
0 0.3870192307692308 0.3629807692307692 0.020432692307692308 0.020432692307692308
0 0.14783653846153846 0.3317307692307692 0.018028846153846152 0.018028846153846152
0 0.203125 0.4639423076923077 0.026442307692307692 0.026442307692307692
0 0.24879807692307693 0.5204326923076923 0.021634615384615384 0.021634615384615384
0 0.28365384615384615 0.3798076923076923 0.018028846153846152 0.018028846153846152
0 0.49759615384615385 0.34375 0.018028846153846152 0.018028846153846152
0 0.7427884615384616 0.1778846153846154 0.020432692307692308 0.020432692307692308
0 0.10336538461538461 0.8064903846153846 0.026442307692307692 0.026442307692307692
0 0.33533653846153844 0.7103365384615384 0.018028846153846152 0.018028846153846152
0 0.1346153846153846 0.7067307692307693 0.021634615384615384 0.021634615384615384
0 0.11778846153846154 0.6923076923076923 0.025240384615384616 0.025240384615384616
0 0.09014423076923077 0.6189903846153846 0.018028846153846152 0.018028846153846152
0 0.6622596153846154 0.7752403846153846 0.021634615384615384 0.021634615384615384
0 0.7572115384615384 0.5120192307692307 0.016826923076923076 0.016826923076923076
0 0.6862980769230769 0.6598557692307693 0.020432692307692308 0.020432692307692308
0 0.875 0.7247596153846154 0.020432692307692308 0.020432692307692308
0 0.9110576923076923 0.7680288461538461 0.03125 0.03125
0 0.8870192307692307 0.45552884615384615 0.018028846153846152 0.018028846153846152
0 0.9675480769230769 0.9182692307692307 0.042067307692307696 0.042067307692307696
0 0.9879807692307693 0.8269230769230769 0.016826923076923076 0.016826923076923076
0 0.9338942307692307 0.9050480769230769 0.026442307692307692 0.026442307692307692
0 0.7944711538461539 0.9603365384615384 0.016826923076923076 0.016826923076923076
0 0.8125 0.8521634615384616 0.025240384615384616 0.025240384615384616
0 0.6911057692307693 0.8533653846153846 0.021634615384615384 0.021634615384615384
0 0.6538461538461539 0.9651442307692307 0.03125 0.03125
0 0.5036057692307693 0.9134615384615384 0.03365384615384615 0.03365384615384615
0 0.31971153846153844 0.5961538461538461 0.018028846153846152 0.018028846153846152