0 0.4807692307692308 0.1045673076923077 0.046875 0.046875
0 0.9086538461538461 0.30288461538461536 0.13942307692307693 0.13942307692307693
0 0.8305288461538461 0.234375 0.16466346153846154 0.16466346153846154
0 0.7415865384615384 0.17307692307692307 0.11057692307692307 0.11057692307692307
0 0.7596153846153846 0.10817307692307693 0.018028846153846152 0.018028846153846152
0 0.9831730769230769 0.3245192307692308 0.018028846153846152 0.018028846153846152
0 0.7728365384615384 0.3161057692307692 0.055288461538461536 0.055288461538461536
0 0.7475961538461539 0.35336538461538464 0.025240384615384616 0.025240384615384616
0 0.8317307692307693 0.3798076923076923 0.030048076923076924 0.030048076923076924
0 0.8533653846153846 0.39903846153846156 0.020432692307692308 0.020432692307692308
0 0.13581730769230768 0.028846153846153848 0.03365384615384615 0.03365384615384615
0 0.3786057692307692 0.25240384615384615 0.025240384615384616 0.025240384615384616
0 0.7572115384615384 0.6502403846153846 0.018028846153846152 0.018028846153846152
0 0.5456730769230769 0.6334134615384616 0.042067307692307696 0.042067307692307696
0 0.4795673076923077 0.6790865384615384 0.025240384615384616 0.025240384615384616
0 0.5913461538461539 0.6971153846153846 0.12860576923076922 0.12860576923076922
0 0.21754807692307693 0.6346153846153846 0.04447115384615385 0.04447115384615385
0 0.04326923076923077 0.7391826923076923 0.039663461538461536 0.039663461538461536
0 0.055288461538461536 0.7620192307692307 0.028846153846153848 0.028846153846153848
0 0.06490384615384616 0.6983173076923077 0.046875 0.046875
0 0.14423076923076922 0.7331730769230769 0.020432692307692308 0.020432692307692308
0 0.17307692307692307 0.7259615384615384 0.02283653846153846 0.02283653846153846
0 0.02283653846153846 0.5745192307692307 0.021634615384615384 0.021634615384615384
0 0.21875 0.3581730769230769 0.039663461538461536 0.039663461538461536
0 0.15745192307692307 0.3713942307692308 0.02283653846153846 0.02283653846153846
0 0.5745192307692307 0.7896634615384616 0.039663461538461536 0.039663461538461536
0 0.3629807692307692 0.9242788461538461 0.04326923076923077 0.04326923076923077
0 0.2620192307692308 0.9194711538461539 0.039663461538461536 0.039663461538461536
0 0.18629807692307693 0.8137019230769231 0.016826923076923076 0.016826923076923076
0 0.09134615384615384 0.9158653846153846 0.03125 0.03125
0 0.6201923076923077 0.9495192307692307 0.04326923076923077 0.04326923076923077
0 0.6694711538461539 0.8329326923076923 0.018028846153846152 0.018028846153846152
0 0.5745192307692307 0.84375 0.2247596153846154 0.2247596153846154
0 0.6838942307692307 0.8822115384615384 0.028846153846153848 0.028846153846153848
0 0.16105769230769232 0.7596153846153846 0.025240384615384616 0.025240384615384616
0 0.7043269230769231 0.5637019230769231 0.051682692307692304 0.051682692307692304
0 0.7896634615384616 0.6177884615384616 0.02283653846153846 0.02283653846153846
0 0.9002403846153846 0.6153846153846154 0.02283653846153846 0.02283653846153846
0 0.9254807692307693 0.5276442307692307 0.018028846153846152 0.018028846153846152
0 0.9134615384615384 0.5552884615384616 0.026442307692307692 0.026442307692307692
0 0.9086538461538461 0.5372596153846154 0.018028846153846152 0.018028846153846152
0 0.9278846153846154 0.4879807692307692 0.025240384615384616 0.025240384615384616
0 0.9483173076923077 0.7463942307692307 0.020432692307692308 0.020432692307692308
0 0.7836538461538461 0.75 0.02283653846153846 0.02283653846153846
0 0.9819711538461539 0.6622596153846154 0.020432692307692308 0.020432692307692308
0 0.9747596153846154 0.7704326923076923 0.04326923076923077 0.04326923076923077
0 0.5096153846153846 0.47596153846153844 0.025240384615384616 0.025240384615384616
0 0.41947115384615385 0.39903846153846156 0.06610576923076923 0.06610576923076923
0 0.8533653846153846 0.9110576923076923 0.03125 0.03125
0 0.5576923076923077 0.9134615384615384 0.030048076923076924 0.030048076923076924