0 0.2920673076923077 0.7620192307692307 0.2800480769230769 0.2800480769230769
0 0.6887019230769231 0.036057692307692304 0.06129807692307692 0.06129807692307692
0 0.6382211538461539 0.054086538461538464 0.037259615384615384 0.037259615384615384
0 0.8617788461538461 0.015625 0.020432692307692308 0.020432692307692308
0 0.6526442307692307 0.1346153846153846 0.03125 0.03125
0 0.5913461538461539 0.1502403846153846 0.03365384615384615 0.03365384615384615
0 0.5228365384615384 0.20793269230769232 0.018028846153846152 0.018028846153846152
0 0.9254807692307693 0.33052884615384615 0.021634615384615384 0.021634615384615384
0 0.9038461538461539 0.3545673076923077 0.025240384615384616 0.025240384615384616
0 0.8978365384615384 0.27884615384615385 0.10697115384615384 0.10697115384615384
0 0.7548076923076923 0.13942307692307693 0.028846153846153848 0.028846153846153848
0 0.6802884615384616 0.24879807692307693 0.018028846153846152 0.018028846153846152
0 0.7139423076923077 0.28725961538461536 0.018028846153846152 0.018028846153846152
0 0.6538461538461539 0.28725961538461536 0.016826923076923076 0.016826923076923076
0 0.5913461538461539 0.2644230769230769 0.042067307692307696 0.042067307692307696
0 0.6153846153846154 0.34134615384615385 0.020432692307692308 0.020432692307692308
0 0.8088942307692307 0.4375 0.038461538461538464 0.038461538461538464
0 0.5120192307692307 0.17548076923076922 0.030048076923076924 0.030048076923076924
0 0.4423076923076923 0.19110576923076922 0.028846153846153848 0.028846153846153848
0 0.4050480769230769 0.16947115384615385 0.0733173076923077 0.0733173076923077
0 0.4230769230769231 0.12740384615384615 0.018028846153846152 0.018028846153846152
0 0.31850961538461536 0.16706730769230768 0.025240384615384616 0.025240384615384616
0 0.18389423076923078 0.07451923076923077 0.021634615384615384 0.021634615384615384
0 0.15985576923076922 0.03365384615384615 0.02283653846153846 0.02283653846153846
0 0.11899038461538461 0.12139423076923077 0.03125 0.03125
0 0.10096153846153846 0.171875 0.10216346153846154 0.10216346153846154
0 0.40384615384615385 0.04807692307692308 0.02283653846153846 0.02283653846153846
0 0.5396634615384616 0.08173076923076923 0.021634615384615384 0.021634615384615384
0 0.2403846153846154 0.17548076923076922 0.018028846153846152 0.018028846153846152
0 0.27163461538461536 0.2548076923076923 0.021634615384615384 0.021634615384615384
0 0.25841346153846156 0.2536057692307692 0.09134615384615384 0.09134615384615384
0 0.17548076923076922 0.2704326923076923 0.04447115384615385 0.04447115384615385
0 0.038461538461538464 0.22115384615384615 0.06610576923076923 0.06610576923076923
0 0.05048076923076923 0.3894230769230769 0.038461538461538464 0.038461538461538464
0 0.019230769230769232 0.2920673076923077 0.02283653846153846 0.02283653846153846
0 0.07932692307692307 0.4026442307692308 0.028846153846153848 0.028846153846153848
0 0.18269230769230768 0.47475961538461536 0.026442307692307692 0.026442307692307692
0 0.2548076923076923 0.5108173076923077 0.038461538461538464 0.038461538461538464
0 0.2668269230769231 0.53125 0.021634615384615384 0.021634615384615384
0 0.2776442307692308 0.5697115384615384 0.018028846153846152 0.018028846153846152
0 0.17908653846153846 0.5985576923076923 0.025240384615384616 0.025240384615384616
0 0.24639423076923078 0.5697115384615384 0.09975961538461539 0.09975961538461539
0 0.20552884615384615 0.6430288461538461 0.051682692307692304 0.051682692307692304
0 0.028846153846153848 0.7536057692307693 0.020432692307692308 0.020432692307692308
0 0.056490384615384616 0.5625 0.03365384615384615 0.03365384615384615
0 0.038461538461538464 0.6213942307692307 0.026442307692307692 0.026442307692307692
0 0.15865384615384615 0.5336538461538461 0.11658653846153846 0.11658653846153846
0 0.22115384615384615 0.4879807692307692 0.06129807692307692 0.06129807692307692
0 0.26322115384615385 0.3557692307692308 0.018028846153846152 0.018028846153846152
0 0.12980769230769232 0.7980769230769231 0.046875 0.046875
0 0.08413461538461539 0.7884615384615384 0.039663461538461536 0.039663461538461536
0 0.4375 0.3605769230769231 0.15144230769230768 0.15144230769230768
0 0.39783653846153844 0.43149038461538464 0.02283653846153846 0.02283653846153846
0 0.375 0.4170673076923077 0.018028846153846152 0.018028846153846152
0 0.3545673076923077 0.5336538461538461 0.020432692307692308 0.020432692307692308
0 0.3088942307692308 0.453125 0.025240384615384616 0.025240384615384616
0 0.5204326923076923 0.43028846153846156 0.021634615384615384 0.021634615384615384
0 0.5120192307692307 0.3954326923076923 0.04807692307692308 0.04807692307692308
0 0.5805288461538461 0.7331730769230769 0.03485576923076923 0.03485576923076923
0 0.6129807692307693 0.5564903846153846 0.018028846153846152 0.018028846153846152
0 0.6730769230769231 0.7463942307692307 0.07451923076923077 0.07451923076923077
0 0.7247596153846154 0.6069711538461539 0.018028846153846152 0.018028846153846152
0 0.9362980769230769 0.5805288461538461 0.06370192307692307 0.06370192307692307
0 0.9194711538461539 0.4807692307692308 0.020432692307692308 0.020432692307692308
0 0.8497596153846154 0.5733173076923077 0.018028846153846152 0.018028846153846152
0 0.8028846153846154 0.5504807692307693 0.020432692307692308 0.020432692307692308
0 0.9350961538461539 0.6502403846153846 0.020432692307692308 0.020432692307692308
0 0.828125 0.5528846153846154 0.026442307692307692 0.026442307692307692
0 0.8882211538461539 0.7620192307692307 0.06971153846153846 0.06971153846153846
0 0.7247596153846154 0.7980769230769231 0.03485576923076923 0.03485576923076923
0 0.7115384615384616 0.8112980769230769 0.03485576923076923 0.03485576923076923
0 0.6778846153846154 0.8197115384615384 0.038461538461538464 0.038461538461538464
0 0.9038461538461539 0.9375 0.04326923076923077 0.04326923076923077
0 0.8930288461538461 0.8978365384615384 0.016826923076923076 0.016826923076923076
0 0.8100961538461539 0.9122596153846154 0.020432692307692308 0.020432692307692308
0 0.7247596153846154 0.8461538461538461 0.028846153846153848 0.028846153846153848
0 0.4795673076923077 0.8389423076923077 0.02283653846153846 0.02283653846153846
0 0.45072115384615385 0.9086538461538461 0.02283653846153846 0.02283653846153846
0 0.46875 0.9302884615384616 0.03485576923076923 0.03485576923076923
0 0.6574519230769231 0.8497596153846154 0.03485576923076923 0.03485576923076923
0 0.5096153846153846 0.8713942307692307 0.03365384615384615 0.03365384615384615
0 0.28125 0.9879807692307693 0.020432692307692308 0.020432692307692308
0 0.18389423076923078 0.9591346153846154 0.026442307692307692 0.026442307692307692
0 0.3088942307692308 0.8966346153846154 0.025240384615384616 0.025240384615384616
0 0.07211538461538461 0.9411057692307693 0.018028846153846152 0.018028846153846152
0 0.15264423076923078 0.8725961538461539 0.08774038461538461 0.08774038461538461
0 0.609375 0.4014423076923077 0.038461538461538464 0.038461538461538464
0 0.8365384615384616 0.7788461538461539 0.10216346153846154 0.10216346153846154
0 0.8317307692307693 0.6237980769230769 0.020432692307692308 0.020432692307692308
0 0.7620192307692307 0.5949519230769231 0.021634615384615384 0.021634615384615384
0 0.5204326923076923 0.7896634615384616 0.08774038461538461 0.08774038461538461
0 0.484375 0.3894230769230769 0.030048076923076924 0.030048076923076924
0 0.9903846153846154 0.39302884615384615 0.016826923076923076 0.016826923076923076