0 0.9783653846153846 0.22956730769230768 0.02283653846153846 0.02283653846153846
0 0.7355769230769231 0.03365384615384615 0.03365384615384615 0.03365384615384615
0 0.7331730769230769 0.052884615384615384 0.018028846153846152 0.018028846153846152
0 0.734375 0.07451923076923077 0.03365384615384615 0.03365384615384615
0 0.7512019230769231 0.09254807692307693 0.018028846153846152 0.018028846153846152
0 0.7944711538461539 0.042067307692307696 0.02283653846153846 0.02283653846153846
0 0.7848557692307693 0.06009615384615385 0.028846153846153848 0.028846153846153848
0 0.7620192307692307 0.019230769230769232 0.03365384615384615 0.03365384615384615
0 0.6141826923076923 0.018028846153846152 0.03125 0.03125
0 0.5985576923076923 0.06490384615384616 0.025240384615384616 0.025240384615384616
0 0.6322115384615384 0.09375 0.06850961538461539 0.06850961538461539
0 0.8269230769230769 0.018028846153846152 0.026442307692307692 0.026442307692307692
0 0.8389423076923077 0.030048076923076924 0.038461538461538464 0.038461538461538464
0 0.859375 0.052884615384615384 0.039663461538461536 0.039663461538461536
0 0.9447115384615384 0.11899038461538461 0.030048076923076924 0.030048076923076924
0 0.9302884615384616 0.10576923076923077 0.021634615384615384 0.021634615384615384
0 0.9014423076923077 0.10096153846153846 0.02283653846153846 0.02283653846153846
0 0.9146634615384616 0.11778846153846154 0.021634615384615384 0.021634615384615384
0 0.8545673076923077 0.0985576923076923 0.018028846153846152 0.018028846153846152
0 0.8930288461538461 0.07932692307692307 0.03365384615384615 0.03365384615384615
0 0.9783653846153846 0.10216346153846154 0.021634615384615384 0.021634615384615384
0 0.9759615384615384 0.18028846153846154 0.021634615384615384 0.021634615384615384
0 0.6177884615384616 0.18509615384615385 0.07211538461538461 0.07211538461538461
0 0.7043269230769231 0.1971153846153846 0.042067307692307696 0.042067307692307696
0 0.43509615384615385 0.055288461538461536 0.0829326923076923 0.0829326923076923
0 0.3401442307692308 0.020432692307692308 0.020432692307692308 0.020432692307692308
0 0.3545673076923077 0.16466346153846154 0.018028846153846152 0.018028846153846152
0 0.2920673076923077 0.10697115384615384 0.07451923076923077 0.07451923076923077
0 0.3161057692307692 0.16466346153846154 0.055288461538461536 0.055288461538461536
0 0.18870192307692307 0.19951923076923078 0.03125 0.03125
0 0.2548076923076923 0.15745192307692307 0.037259615384615384 0.037259615384615384
0 0.22716346153846154 0.11778846153846154 0.051682692307692304 0.051682692307692304
0 0.22355769230769232 0.06490384615384616 0.02283653846153846 0.02283653846153846
0 0.22115384615384615 0.04927884615384615 0.018028846153846152 0.018028846153846152
0 0.15384615384615385 0.07932692307692307 0.03485576923076923 0.03485576923076923
0 0.17548076923076922 0.10216346153846154 0.039663461538461536 0.039663461538461536
0 0.14302884615384615 0.11298076923076923 0.03365384615384615 0.03365384615384615
0 0.06129807692307692 0.11177884615384616 0.05889423076923077 0.05889423076923077
0 0.12620192307692307 0.09134615384615384 0.025240384615384616 0.025240384615384616
0 0.5865384615384616 0.24278846153846154 0.038461538461538464 0.038461538461538464
0 0.5901442307692307 0.26802884615384615 0.026442307692307692 0.026442307692307692
0 0.5757211538461539 0.2848557692307692 0.018028846153846152 0.018028846153846152
0 0.6382211538461539 0.2548076923076923 0.028846153846153848 0.028846153846153848
0 0.6971153846153846 0.2764423076923077 0.03485576923076923 0.03485576923076923
0 0.6911057692307693 0.30288461538461536 0.020432692307692308 0.020432692307692308
0 0.609375 0.34375 0.078125 0.078125
0 0.5745192307692307 0.3004807692307692 0.02283653846153846 0.02283653846153846
0 0.5612980769230769 0.35336538461538464 0.020432692307692308 0.020432692307692308
0 0.5300480769230769 0.3161057692307692 0.018028846153846152 0.018028846153846152
0 0.47716346153846156 0.28725961538461536 0.018028846153846152 0.018028846153846152
0 0.4567307692307692 0.3713942307692308 0.020432692307692308 0.020432692307692308
0 0.4206730769230769 0.34975961538461536 0.021634615384615384 0.021634615384615384
0 0.38341346153846156 0.3016826923076923 0.02283653846153846 0.02283653846153846
0 0.4326923076923077 0.2704326923076923 0.042067307692307696 0.042067307692307696
0 0.33774038461538464 0.2548076923076923 0.02283653846153846 0.02283653846153846
0 0.3329326923076923 0.21875 0.04807692307692308 0.04807692307692308
0 0.25721153846153844 0.41346153846153844 0.020432692307692308 0.020432692307692308
0 0.2692307692307692 0.4338942307692308 0.03125 0.03125
0 0.18629807692307693 0.45552884615384615 0.051682692307692304 0.051682692307692304
0 0.18990384615384615 0.47836538461538464 0.025240384615384616 0.025240384615384616
0 0.3088942307692308 0.3004807692307692 0.018028846153846152 0.018028846153846152
0 0.16706730769230768 0.3137019230769231 0.020432692307692308 0.020432692307692308
0 0.0829326923076923 0.3137019230769231 0.030048076923076924 0.030048076923076924
0 0.0625 0.3269230769230769 0.021634615384615384 0.021634615384615384
0 0.07692307692307693 0.35096153846153844 0.026442307692307692 0.026442307692307692
0 0.03125 0.42788461538461536 0.055288461538461536 0.055288461538461536
0 0.04326923076923077 0.27283653846153844 0.021634615384615384 0.021634615384615384
0 0.05889423076923077 0.24639423076923078 0.055288461538461536 0.055288461538461536
0 0.16466346153846154 0.2848557692307692 0.03125 0.03125
0 0.328125 0.3641826923076923 0.016826923076923076 0.016826923076923076
0 0.016826923076923076 0.359375 0.020432692307692308 0.020432692307692308
0 0.1502403846153846 0.4338942307692308 0.02283653846153846 0.02283653846153846
0 0.18990384615384615 0.5913461538461539 0.037259615384615384 0.037259615384615384
0 0.23197115384615385 0.5913461538461539 0.028846153846153848 0.028846153846153848
0 0.27163461538461536 0.7355769230769231 0.02283653846153846 0.02283653846153846
0 0.22596153846153846 0.7367788461538461 0.018028846153846152 0.018028846153846152
0 0.22956730769230768 0.7512019230769231 0.021634615384615384 0.021634615384615384
0 0.28725961538461536 0.7860576923076923 0.018028846153846152 0.018028846153846152
0 0.35336538461538464 0.78125 0.016826923076923076 0.016826923076923076
0 0.4206730769230769 0.7403846153846154 0.030048076923076924 0.030048076923076924
0 0.38221153846153844 0.6213942307692307 0.018028846153846152 0.018028846153846152
0 0.36899038461538464 0.6454326923076923 0.018028846153846152 0.018028846153846152
0 0.4050480769230769 0.4855769230769231 0.03365384615384615 0.03365384615384615
0 0.4543269230769231 0.5793269230769231 0.021634615384615384 0.021634615384615384
0 0.4735576923076923 0.5865384615384616 0.016826923076923076 0.016826923076923076
0 0.5252403846153846 0.6237980769230769 0.08052884615384616 0.08052884615384616
0 0.5612980769230769 0.5264423076923077 0.11057692307692307 0.11057692307692307
0 0.6237980769230769 0.5228365384615384 0.025240384615384616 0.025240384615384616
0 0.4807692307692308 0.5396634615384616 0.051682692307692304 0.051682692307692304
0 0.6754807692307693 0.6069711538461539 0.020432692307692308 0.020432692307692308
0 0.6586538461538461 0.6189903846153846 0.03125 0.03125
0 0.7103365384615384 0.6322115384615384 0.030048076923076924 0.030048076923076924
0 0.7403846153846154 0.6826923076923077 0.026442307692307692 0.026442307692307692
0 0.7271634615384616 0.6995192307692307 0.020432692307692308 0.020432692307692308
0 0.6887019230769231 0.6887019230769231 0.018028846153846152 0.018028846153846152
0 0.7704326923076923 0.6526442307692307 0.016826923076923076 0.016826923076923076
0 0.7752403846153846 0.6875 0.028846153846153848 0.028846153846153848
0 0.7487980769230769 0.6129807692307693 0.020432692307692308 0.020432692307692308
0 0.6610576923076923 0.546875 0.020432692307692308 0.020432692307692308
0 0.6009615384615384 0.5865384615384616 0.018028846153846152 0.018028846153846152
0 0.5036057692307693 0.65625 0.018028846153846152 0.018028846153846152
0 0.5829326923076923 0.4266826923076923 0.08774038461538461 0.08774038461538461
0 0.7319711538461539 0.4831730769230769 0.03485576923076923 0.03485576923076923
0 0.8822115384615384 0.5144230769230769 0.037259615384615384 0.037259615384615384
0 0.8617788461538461 0.5456730769230769 0.021634615384615384 0.021634615384615384
0 0.8497596153846154 0.5612980769230769 0.020432692307692308 0.020432692307692308
0 0.8689903846153846 0.4014423076923077 0.026442307692307692 0.026442307692307692
0 0.7487980769230769 0.4362980769230769 0.24639423076923078 0.24639423076923078
0 0.6081730769230769 0.6610576923076923 0.016826923076923076 0.016826923076923076
0 0.3786057692307692 0.43990384615384615 0.016826923076923076 0.016826923076923076
0 0.3545673076923077 0.44711538461538464 0.037259615384615384 0.037259615384615384
0 0.4362980769230769 0.42908653846153844 0.06850961538461539 0.06850961538461539
0 0.46634615384615385 0.7920673076923077 0.038461538461538464 0.038461538461538464
0 0.53125 0.7776442307692307 0.06850961538461539 0.06850961538461539
0 0.5492788461538461 0.8581730769230769 0.020432692307692308 0.020432692307692308
0 0.49278846153846156 0.8557692307692307 0.018028846153846152 0.018028846153846152
0 0.5372596153846154 0.9038461538461539 0.12620192307692307 0.12620192307692307
0 0.4891826923076923 0.9627403846153846 0.03365384615384615 0.03365384615384615
0 0.27283653846153844 0.84375 0.020432692307692308 0.020432692307692308
0 0.2920673076923077 0.8846153846153846 0.021634615384615384 0.021634615384615384
0 0.2932692307692308 0.9302884615384616 0.055288461538461536 0.055288461538461536
0 0.44471153846153844 0.8317307692307693 0.04807692307692308 0.04807692307692308
0 0.6322115384615384 0.9338942307692307 0.025240384615384616 0.025240384615384616
0 0.7367788461538461 0.8870192307692307 0.025240384615384616 0.025240384615384616
0 0.7019230769230769 0.8810096153846154 0.025240384615384616 0.025240384615384616
0 0.7019230769230769 0.8028846153846154 0.04326923076923077 0.04326923076923077
0 0.6754807692307693 0.8329326923076923 0.018028846153846152 0.018028846153846152
0 0.7908653846153846 0.8822115384615384 0.039663461538461536 0.039663461538461536
0 0.7716346153846154 0.8954326923076923 0.016826923076923076 0.016826923076923076
0 0.8894230769230769 0.8293269230769231 0.020432692307692308 0.020432692307692308
0 0.8954326923076923 0.8461538461538461 0.026442307692307692 0.026442307692307692
0 0.026442307692307692 0.9627403846153846 0.02283653846153846 0.02283653846153846
0 0.8786057692307693 0.6947115384615384 0.03125 0.03125
0 0.9206730769230769 0.2403846153846154 0.02283653846153846 0.02283653846153846
0 0.8786057692307693 0.23557692307692307 0.018028846153846152 0.018028846153846152
0 0.9110576923076923 0.2824519230769231 0.028846153846153848 0.028846153846153848
0 0.9194711538461539 0.2980769230769231 0.026442307692307692 0.026442307692307692
0 0.9651442307692307 0.3581730769230769 0.03485576923076923 0.03485576923076923
0 0.9903846153846154 0.47596153846153844 0.016826923076923076 0.016826923076923076
0 0.9098557692307693 0.5300480769230769 0.025240384615384616 0.025240384615384616
0 0.9483173076923077 0.5612980769230769 0.016826923076923076 0.016826923076923076
0 0.9194711538461539 0.6887019230769231 0.025240384615384616 0.025240384615384616
0 0.9375 0.7295673076923077 0.078125 0.078125
0 0.36778846153846156 0.3485576923076923 0.042067307692307696 0.042067307692307696
0 0.5408653846153846 0.6754807692307693 0.03485576923076923 0.03485576923076923
0 0.08413461538461539 0.9302884615384616 0.020432692307692308 0.020432692307692308