0 0.8810096153846154 0.19831730769230768 0.018028846153846152 0.018028846153846152
0 0.9483173076923077 0.09615384615384616 0.02283653846153846 0.02283653846153846
0 0.9507211538461539 0.11057692307692307 0.021634615384615384 0.021634615384615384
0 0.8870192307692307 0.030048076923076924 0.03485576923076923 0.03485576923076923
0 0.8569711538461539 0.055288461538461536 0.04447115384615385 0.04447115384615385
0 0.8052884615384616 0.07572115384615384 0.026442307692307692 0.026442307692307692
0 0.7788461538461539 0.056490384615384616 0.026442307692307692 0.026442307692307692
0 0.375 0.036057692307692304 0.016826923076923076 0.016826923076923076
0 0.671875 0.20072115384615385 0.03125 0.03125
0 0.6802884615384616 0.22235576923076922 0.028846153846153848 0.028846153846153848
0 0.7115384615384616 0.13701923076923078 0.021634615384615384 0.021634615384615384
0 0.6358173076923077 0.18028846153846154 0.020432692307692308 0.020432692307692308
0 0.6141826923076923 0.20072115384615385 0.020432692307692308 0.020432692307692308
0 0.36778846153846156 0.16947115384615385 0.02283653846153846 0.02283653846153846
0 0.25961538461538464 0.1658653846153846 0.026442307692307692 0.026442307692307692
0 0.21394230769230768 0.1502403846153846 0.018028846153846152 0.018028846153846152
0 0.18990384615384615 0.16706730769230768 0.025240384615384616 0.025240384615384616
0 0.18870192307692307 0.14543269230769232 0.025240384615384616 0.025240384615384616
0 0.171875 0.12860576923076922 0.026442307692307692 0.026442307692307692
0 0.2091346153846154 0.11057692307692307 0.021634615384615384 0.021634615384615384
0 0.1778846153846154 0.09975961538461539 0.02283653846153846 0.02283653846153846
0 0.3713942307692308 0.1875 0.025240384615384616 0.025240384615384616
0 0.2920673076923077 0.24278846153846154 0.06129807692307692 0.06129807692307692
0 0.26802884615384615 0.25961538461538464 0.020432692307692308 0.020432692307692308
0 0.04927884615384615 0.36658653846153844 0.042067307692307696 0.042067307692307696
0 0.08774038461538461 0.3870192307692308 0.052884615384615384 0.052884615384615384
0 0.13822115384615385 0.4266826923076923 0.026442307692307692 0.026442307692307692
0 0.19110576923076922 0.3870192307692308 0.018028846153846152 0.018028846153846152
0 0.027644230769230768 0.5612980769230769 0.026442307692307692 0.026442307692307692
0 0.06009615384615385 0.7355769230769231 0.016826923076923076 0.016826923076923076
0 0.14543269230769232 0.6454326923076923 0.028846153846153848 0.028846153846153848
0 0.12379807692307693 0.6778846153846154 0.02283653846153846 0.02283653846153846
0 0.12740384615384615 0.6923076923076923 0.02283653846153846 0.02283653846153846
0 0.12139423076923077 0.7127403846153846 0.021634615384615384 0.021634615384615384
0 0.22956730769230768 0.7463942307692307 0.037259615384615384 0.037259615384615384
0 0.21153846153846154 0.6778846153846154 0.021634615384615384 0.021634615384615384
0 0.17067307692307693 0.5817307692307693 0.018028846153846152 0.018028846153846152
0 0.16947115384615385 0.49038461538461536 0.046875 0.046875
0 0.22956730769230768 0.3401442307692308 0.020432692307692308 0.020432692307692308
0 0.328125 0.36778846153846156 0.026442307692307692 0.026442307692307692
0 0.3137019230769231 0.4483173076923077 0.026442307692307692 0.026442307692307692
0 0.2980769230769231 0.47475961538461536 0.018028846153846152 0.018028846153846152
0 0.2824519230769231 0.5036057692307693 0.018028846153846152 0.018028846153846152
0 0.28125 0.5180288461538461 0.025240384615384616 0.025240384615384616
0 0.4230769230769231 0.578125 0.025240384615384616 0.025240384615384616
0 0.6418269230769231 0.7019230769230769 0.04326923076923077 0.04326923076923077
0 0.47716346153846156 0.48197115384615385 0.026442307692307692 0.026442307692307692
0 0.41225961538461536 0.44711538461538464 0.018028846153846152 0.018028846153846152
0 0.3581730769230769 0.4543269230769231 0.03125 0.03125
0 0.3786057692307692 0.39783653846153844 0.1201923076923077 0.1201923076923077
0 0.5012019230769231 0.36899038461538464 0.06009615384615385 0.06009615384615385
0 0.6514423076923077 0.34134615384615385 0.08653846153846154 0.08653846153846154
0 0.22956730769230768 0.5204326923076923 0.08533653846153846 0.08533653846153846
0 0.3245192307692308 0.7247596153846154 0.15625 0.15625
0 0.6778846153846154 0.8161057692307693 0.04447115384615385 0.04447115384615385
0 0.6646634615384616 0.8052884615384616 0.020432692307692308 0.020432692307692308
0 0.484375 0.7836538461538461 0.025240384615384616 0.025240384615384616
0 0.5228365384615384 0.8245192307692307 0.028846153846153848 0.028846153846153848
0 0.5060096153846154 0.8834134615384616 0.03485576923076923 0.03485576923076923
0 0.11177884615384616 0.8677884615384616 0.020432692307692308 0.020432692307692308
0 0.06370192307692307 0.8677884615384616 0.03485576923076923 0.03485576923076923
0 0.27524038461538464 0.8545673076923077 0.02283653846153846 0.02283653846153846
0 0.16826923076923078 0.9555288461538461 0.030048076923076924 0.030048076923076924
0 0.0985576923076923 0.9230769230769231 0.02283653846153846 0.02283653846153846
0 0.10216346153846154 0.9086538461538461 0.02283653846153846 0.02283653846153846
0 0.45913461538461536 0.9819711538461539 0.016826923076923076 0.016826923076923076
0 0.41466346153846156 0.9783653846153846 0.020432692307692308 0.020432692307692308
0 0.7644230769230769 0.4110576923076923 0.04326923076923077 0.04326923076923077
0 0.7307692307692307 0.45072115384615385 0.026442307692307692 0.026442307692307692
0 0.9230769230769231 0.2980769230769231 0.037259615384615384 0.037259615384615384
0 0.8786057692307693 0.45913461538461536 0.037259615384615384 0.037259615384615384
0 0.8713942307692307 0.5913461538461539 0.042067307692307696 0.042067307692307696
0 0.8413461538461539 0.5997596153846154 0.021634615384615384 0.021634615384615384
0 0.7920673076923077 0.6346153846153846 0.039663461538461536 0.039663461538461536
0 0.7884615384615384 0.7163461538461539 0.03365384615384615 0.03365384615384615
0 0.8377403846153846 0.7127403846153846 0.020432692307692308 0.020432692307692308
0 0.8329326923076923 0.7295673076923077 0.030048076923076924 0.030048076923076924
0 0.6862980769230769 0.4987980769230769 0.018028846153846152 0.018028846153846152
0 0.9711538461538461 0.5240384615384616 0.026442307692307692 0.026442307692307692
0 0.9362980769230769 0.6670673076923077 0.02283653846153846 0.02283653846153846
0 0.9399038461538461 0.703125 0.039663461538461536 0.039663461538461536
0 0.9014423076923077 0.703125 0.03485576923076923 0.03485576923076923
0 0.8185096153846154 0.6538461538461539 0.03365384615384615 0.03365384615384615
0 0.8088942307692307 0.6959134615384616 0.028846153846153848 0.028846153846153848
0 0.9819711538461539 0.7536057692307693 0.020432692307692308 0.020432692307692308
0 0.9555288461538461 0.7512019230769231 0.03365384615384615 0.03365384615384615
0 0.9663461538461539 0.6802884615384616 0.025240384615384616 0.025240384615384616
0 0.5 0.5877403846153846 0.31850961538461536 0.31850961538461536
0 0.9579326923076923 0.4254807692307692 0.020432692307692308 0.020432692307692308
0 0.9471153846153846 0.8641826923076923 0.028846153846153848 0.028846153846153848
0 0.9867788461538461 0.9302884615384616 0.02283653846153846 0.02283653846153846
0 0.9747596153846154 0.9423076923076923 0.020432692307692308 0.020432692307692308
0 0.9519230769230769 0.9387019230769231 0.021634615384615384 0.021634615384615384
0 0.9579326923076923 0.96875 0.025240384615384616 0.025240384615384616
0 0.9038461538461539 0.9375 0.021634615384615384 0.021634615384615384
0 0.9038461538461539 0.9555288461538461 0.020432692307692308 0.020432692307692308
0 0.8233173076923077 0.9242788461538461 0.026442307692307692 0.026442307692307692
0 0.8245192307692307 0.9086538461538461 0.030048076923076924 0.030048076923076924
0 0.75 0.8473557692307693 0.025240384615384616 0.025240384615384616
0 0.7139423076923077 0.9435096153846154 0.028846153846153848 0.028846153846153848
0 0.6189903846153846 0.9002403846153846 0.025240384615384616 0.025240384615384616
0 0.6754807692307693 0.8701923076923077 0.052884615384615384 0.052884615384615384
0 0.671875 0.9122596153846154 0.018028846153846152 0.018028846153846152
0 0.5673076923076923 0.8509615384615384 0.021634615384615384 0.021634615384615384
0 0.036057692307692304 0.9447115384615384 0.020432692307692308 0.020432692307692308
0 0.5552884615384616 0.453125 0.025240384615384616 0.025240384615384616
0 0.7199519230769231 0.5901442307692307 0.09975961538461539 0.09975961538461539
0 0.7487980769230769 0.7355769230769231 0.021634615384615384 0.021634615384615384
0 0.8894230769230769 0.6538461538461539 0.038461538461538464 0.038461538461538464
0 0.8858173076923077 0.27884615384615385 0.021634615384615384 0.021634615384615384
0 0.8846153846153846 0.24278846153846154 0.02283653846153846 0.02283653846153846
0 0.9579326923076923 0.5625 0.02283653846153846 0.02283653846153846