0 0.9771634615384616 0.13221153846153846 0.018028846153846152 0.018028846153846152
0 0.96875 0.3161057692307692 0.018028846153846152 0.018028846153846152
0 0.8365384615384616 0.2247596153846154 0.02283653846153846 0.02283653846153846
0 0.859375 0.14302884615384615 0.020432692307692308 0.020432692307692308
0 0.7548076923076923 0.3173076923076923 0.016826923076923076 0.016826923076923076
0 0.7896634615384616 0.3329326923076923 0.02283653846153846 0.02283653846153846
0 0.8401442307692307 0.36538461538461536 0.028846153846153848 0.028846153846153848
0 0.8713942307692307 0.3449519230769231 0.018028846153846152 0.018028846153846152
0 0.8557692307692307 0.3389423076923077 0.020432692307692308 0.020432692307692308
0 0.38221153846153844 0.24639423076923078 0.02283653846153846 0.02283653846153846
0 0.28125 0.25240384615384615 0.03365384615384615 0.03365384615384615
0 0.24158653846153846 0.11778846153846154 0.026442307692307692 0.026442307692307692
0 0.10216346153846154 0.17668269230769232 0.0985576923076923 0.0985576923076923
0 0.03125 0.33533653846153844 0.051682692307692304 0.051682692307692304
0 0.1622596153846154 0.26802884615384615 0.016826923076923076 0.016826923076923076
0 0.31971153846153844 0.3858173076923077 0.06971153846153846 0.06971153846153846
0 0.29927884615384615 0.34134615384615385 0.03125 0.03125
0 0.1310096153846154 0.3112980769230769 0.018028846153846152 0.018028846153846152
0 0.11057692307692307 0.328125 0.021634615384615384 0.021634615384615384
0 0.11778846153846154 0.47115384615384615 0.23557692307692307 0.23557692307692307
0 0.2536057692307692 0.44591346153846156 0.0985576923076923 0.0985576923076923
0 0.40865384615384615 0.5697115384615384 0.020432692307692308 0.020432692307692308
0 0.08052884615384616 0.06009615384615385 0.018028846153846152 0.018028846153846152
0 0.23076923076923078 0.055288461538461536 0.09134615384615384 0.09134615384615384
0 0.04447115384615385 0.8088942307692307 0.018028846153846152 0.018028846153846152
0 0.15985576923076922 0.7944711538461539 0.039663461538461536 0.039663461538461536
0 0.203125 0.6586538461538461 0.039663461538461536 0.039663461538461536
0 0.2704326923076923 0.7668269230769231 0.02283653846153846 0.02283653846153846
0 0.21514423076923078 0.8185096153846154 0.09134615384615384 0.09134615384615384
0 0.23197115384615385 0.6887019230769231 0.039663461538461536 0.039663461538461536
0 0.24879807692307693 0.6754807692307693 0.20552884615384615 0.20552884615384615
0 0.234375 0.5324519230769231 0.02283653846153846 0.02283653846153846
0 0.5769230769230769 0.7932692307692307 0.038461538461538464 0.038461538461538464
0 0.34975961538461536 0.859375 0.021634615384615384 0.021634615384615384
0 0.2764423076923077 0.8930288461538461 0.021634615384615384 0.021634615384615384
0 0.2800480769230769 0.8221153846153846 0.016826923076923076 0.016826923076923076
0 0.2091346153846154 0.90625 0.018028846153846152 0.018028846153846152
0 0.6286057692307693 0.6045673076923077 0.04326923076923077 0.04326923076923077
0 0.7632211538461539 0.5492788461538461 0.018028846153846152 0.018028846153846152
0 0.828125 0.5252403846153846 0.025240384615384616 0.025240384615384616
0 0.8197115384615384 0.6610576923076923 0.018028846153846152 0.018028846153846152
0 0.6129807692307693 0.8786057692307693 0.021634615384615384 0.021634615384615384
0 0.6430288461538461 0.6598557692307693 0.06129807692307692 0.06129807692307692