0 0.8125 0.140625 0.04326923076923077 0.04326923076923077
0 0.7319711538461539 0.11298076923076923 0.037259615384615384 0.037259615384615384
0 0.7427884615384616 0.14302884615384615 0.03365384615384615 0.03365384615384615
0 0.671875 0.15264423076923078 0.030048076923076924 0.030048076923076924
0 0.734375 0.038461538461538464 0.030048076923076924 0.030048076923076924
0 0.765625 0.31009615384615385 0.028846153846153848 0.028846153846153848
0 0.7463942307692307 0.33653846153846156 0.020432692307692308 0.020432692307692308
0 0.5480769230769231 0.08533653846153846 0.018028846153846152 0.018028846153846152
0 0.5012019230769231 0.12860576923076922 0.025240384615384616 0.025240384615384616
0 0.38341346153846156 0.15625 0.039663461538461536 0.039663461538461536
0 0.32211538461538464 0.17427884615384615 0.05048076923076923 0.05048076923076923
0 0.3245192307692308 0.20793269230769232 0.021634615384615384 0.021634615384615384
0 0.25 0.19471153846153846 0.042067307692307696 0.042067307692307696
0 0.19110576923076922 0.23557692307692307 0.026442307692307692 0.026442307692307692
0 0.20552884615384615 0.2776442307692308 0.025240384615384616 0.025240384615384616
0 0.27283653846153844 0.34375 0.02283653846153846 0.02283653846153846
0 0.453125 0.0829326923076923 0.09375 0.09375
0 0.40865384615384615 0.10697115384615384 0.028846153846153848 0.028846153846153848
0 0.4026442307692308 0.12860576923076922 0.037259615384615384 0.037259615384615384
0 0.5985576923076923 0.17548076923076922 0.037259615384615384 0.037259615384615384
0 0.3389423076923077 0.03245192307692308 0.03485576923076923 0.03485576923076923
0 0.3245192307692308 0.05889423076923077 0.026442307692307692 0.026442307692307692
0 0.33533653846153844 0.0829326923076923 0.052884615384615384 0.052884615384615384
0 0.390625 0.07932692307692307 0.016826923076923076 0.016826923076923076
0 0.027644230769230768 0.2608173076923077 0.021634615384615384 0.021634615384615384
0 0.09014423076923077 0.3629807692307692 0.025240384615384616 0.025240384615384616
0 0.20432692307692307 0.35216346153846156 0.025240384615384616 0.025240384615384616
0 0.19831730769230768 0.3737980769230769 0.018028846153846152 0.018028846153846152
0 0.19951923076923078 0.4411057692307692 0.039663461538461536 0.039663461538461536
0 0.0673076923076923 0.7872596153846154 0.018028846153846152 0.018028846153846152
0 0.1502403846153846 0.8173076923076923 0.018028846153846152 0.018028846153846152
0 0.09134615384615384 0.8954326923076923 0.016826923076923076 0.016826923076923076
0 0.16947115384615385 0.6875 0.028846153846153848 0.028846153846153848
0 0.140625 0.5420673076923077 0.016826923076923076 0.016826923076923076
0 0.24158653846153846 0.7932692307692307 0.016826923076923076 0.016826923076923076
0 0.4519230769230769 0.8930288461538461 0.020432692307692308 0.020432692307692308
0 0.5793269230769231 0.7644230769230769 0.026442307692307692 0.026442307692307692
0 0.6105769230769231 0.8137019230769231 0.016826923076923076 0.016826923076923076
0 0.6742788461538461 0.78125 0.038461538461538464 0.038461538461538464
0 0.5528846153846154 0.8028846153846154 0.06850961538461539 0.06850961538461539
0 0.5024038461538461 0.7079326923076923 0.020432692307692308 0.020432692307692308
0 0.4795673076923077 0.6790865384615384 0.021634615384615384 0.021634615384615384
0 0.3605769230769231 0.4951923076923077 0.018028846153846152 0.018028846153846152
0 0.3088942307692308 0.6045673076923077 0.025240384615384616 0.025240384615384616
0 0.34615384615384615 0.6682692307692307 0.021634615384615384 0.021634615384615384
0 0.4074519230769231 0.6286057692307693 0.021634615384615384 0.021634615384615384
0 0.2980769230769231 0.7211538461538461 0.030048076923076924 0.030048076923076924
0 0.4266826923076923 0.6442307692307693 0.028846153846153848 0.028846153846153848
0 0.6165865384615384 0.5925480769230769 0.09375 0.09375
0 0.5697115384615384 0.5552884615384616 0.0733173076923077 0.0733173076923077
0 0.5048076923076923 0.49278846153846156 0.016826923076923076 0.016826923076923076
0 0.4723557692307692 0.5264423076923077 0.020432692307692308 0.020432692307692308
0 0.34975961538461536 0.3701923076923077 0.021634615384615384 0.021634615384615384
0 0.5300480769230769 0.43509615384615385 0.04807692307692308 0.04807692307692308
0 0.7223557692307693 0.3762019230769231 0.03365384615384615 0.03365384615384615
0 0.6971153846153846 0.38461538461538464 0.020432692307692308 0.020432692307692308
0 0.6021634615384616 0.47716346153846156 0.028846153846153848 0.028846153846153848
0 0.7463942307692307 0.5456730769230769 0.028846153846153848 0.028846153846153848
0 0.7211538461538461 0.5180288461538461 0.028846153846153848 0.028846153846153848
0 0.6790865384615384 0.5588942307692307 0.021634615384615384 0.021634615384615384
0 0.671875 0.6081730769230769 0.021634615384615384 0.021634615384615384
0 0.7331730769230769 0.6622596153846154 0.026442307692307692 0.026442307692307692
0 0.41466346153846156 0.7944711538461539 0.025240384615384616 0.025240384615384616
0 0.28125 0.65625 0.016826923076923076 0.016826923076923076
0 0.9254807692307693 0.35697115384615385 0.038461538461538464 0.038461538461538464
0 0.9411057692307693 0.4362980769230769 0.03125 0.03125
0 0.9350961538461539 0.390625 0.021634615384615384 0.021634615384615384
0 0.8088942307692307 0.3954326923076923 0.03125 0.03125
0 0.8125 0.4362980769230769 0.028846153846153848 0.028846153846153848
0 0.7884615384615384 0.4230769230769231 0.026442307692307692 0.026442307692307692
0 0.7379807692307693 0.40865384615384615 0.030048076923076924 0.030048076923076924
0 0.75 0.5036057692307693 0.018028846153846152 0.018028846153846152
0 0.7752403846153846 0.5829326923076923 0.03365384615384615 0.03365384615384615
0 0.8521634615384616 0.6189903846153846 0.06129807692307692 0.06129807692307692
0 0.9158653846153846 0.7427884615384616 0.037259615384615384 0.037259615384615384
0 0.9771634615384616 0.5721153846153846 0.02283653846153846 0.02283653846153846
0 0.9134615384615384 0.5913461538461539 0.04326923076923077 0.04326923076923077
0 0.7980769230769231 0.47836538461538464 0.02283653846153846 0.02283653846153846
0 0.7283653846153846 0.9627403846153846 0.020432692307692308 0.020432692307692308
0 0.6838942307692307 0.9555288461538461 0.021634615384615384 0.021634615384615384
0 0.08052884615384616 0.9615384615384616 0.020432692307692308 0.020432692307692308
0 0.8293269230769231 0.9146634615384616 0.028846153846153848 0.028846153846153848
0 0.16706730769230768 0.9447115384615384 0.03365384615384615 0.03365384615384615
0 0.34975961538461536 0.38822115384615385 0.03365384615384615 0.03365384615384615
0 0.6911057692307693 0.6322115384615384 0.052884615384615384 0.052884615384615384