0 0.40625 0.03125 0.03485576923076923 0.03485576923076923
0 0.4170673076923077 0.06490384615384616 0.042067307692307696 0.042067307692307696
0 0.6514423076923077 0.020432692307692308 0.039663461538461536 0.039663461538461536
0 0.9591346153846154 0.055288461538461536 0.021634615384615384 0.021634615384615384
0 0.9555288461538461 0.06971153846153846 0.02283653846153846 0.02283653846153846
0 0.9747596153846154 0.25 0.030048076923076924 0.030048076923076924
0 0.9519230769230769 0.1778846153846154 0.020432692307692308 0.020432692307692308
0 0.9110576923076923 0.2692307692307692 0.025240384615384616 0.025240384615384616
0 0.8713942307692307 0.08533653846153846 0.04807692307692308 0.04807692307692308
0 0.7512019230769231 0.09134615384615384 0.026442307692307692 0.026442307692307692
0 0.5300480769230769 0.17067307692307693 0.02283653846153846 0.02283653846153846
0 0.4579326923076923 0.12139423076923077 0.03365384615384615 0.03365384615384615
0 0.43509615384615385 0.1045673076923077 0.016826923076923076 0.016826923076923076
0 0.40625 0.09735576923076923 0.020432692307692308 0.020432692307692308
0 0.37740384615384615 0.19951923076923078 0.028846153846153848 0.028846153846153848
0 0.3798076923076923 0.23317307692307693 0.030048076923076924 0.030048076923076924
0 0.2620192307692308 0.22235576923076922 0.021634615384615384 0.021634615384615384
0 0.0625 0.11538461538461539 0.03365384615384615 0.03365384615384615
0 0.0985576923076923 0.28125 0.037259615384615384 0.037259615384615384
0 0.11298076923076923 0.22115384615384615 0.021634615384615384 0.021634615384615384
0 0.06971153846153846 0.21033653846153846 0.03365384615384615 0.03365384615384615
0 0.20552884615384615 0.24158653846153846 0.020432692307692308 0.020432692307692308
0 0.09134615384615384 0.015625 0.028846153846153848 0.028846153846153848
0 0.14783653846153846 0.15625 0.02283653846153846 0.02283653846153846
0 0.07692307692307693 0.39903846153846156 0.051682692307692304 0.051682692307692304
0 0.10697115384615384 0.3762019230769231 0.020432692307692308 0.020432692307692308
0 0.18389423076923078 0.42788461538461536 0.020432692307692308 0.020432692307692308
0 0.171875 0.44471153846153844 0.018028846153846152 0.018028846153846152
0 0.21033653846153846 0.4519230769230769 0.030048076923076924 0.030048076923076924
0 0.17427884615384615 0.53125 0.028846153846153848 0.028846153846153848
0 0.2091346153846154 0.5552884615384616 0.030048076923076924 0.030048076923076924
0 0.24519230769230768 0.5757211538461539 0.028846153846153848 0.028846153846153848
0 0.036057692307692304 0.6225961538461539 0.018028846153846152 0.018028846153846152
0 0.028846153846153848 0.640625 0.028846153846153848 0.028846153846153848
0 0.03245192307692308 0.7896634615384616 0.020432692307692308 0.020432692307692308
0 0.09134615384615384 0.9026442307692307 0.018028846153846152 0.018028846153846152
0 0.021634615384615384 0.9146634615384616 0.018028846153846152 0.018028846153846152
0 0.1875 0.7956730769230769 0.026442307692307692 0.026442307692307692
0 0.22235576923076922 0.7956730769230769 0.021634615384615384 0.021634615384615384
0 0.23918269230769232 0.5072115384615384 0.11658653846153846 0.11658653846153846
0 0.17908653846153846 0.5060096153846154 0.026442307692307692 0.026442307692307692
0 0.13581730769230768 0.5216346153846154 0.18509615384615385 0.18509615384615385
0 0.23798076923076922 0.390625 0.06370192307692307 0.06370192307692307
0 0.3173076923076923 0.38461538461538464 0.055288461538461536 0.055288461538461536
0 0.3329326923076923 0.41225961538461536 0.018028846153846152 0.018028846153846152
0 0.36899038461538464 0.4098557692307692 0.055288461538461536 0.055288461538461536
0 0.46033653846153844 0.4254807692307692 0.11057692307692307 0.11057692307692307
0 0.43990384615384615 0.5552884615384616 0.03125 0.03125
0 0.35697115384615385 0.4879807692307692 0.13221153846153846 0.13221153846153846
0 0.3629807692307692 0.6021634615384616 0.016826923076923076 0.016826923076923076
0 0.24519230769230768 0.8846153846153846 0.016826923076923076 0.016826923076923076
0 0.5132211538461539 0.5961538461538461 0.016826923076923076 0.016826923076923076
0 0.5901442307692307 0.6177884615384616 0.018028846153846152 0.018028846153846152
0 0.5745192307692307 0.6550480769230769 0.018028846153846152 0.018028846153846152
0 0.5504807692307693 0.7211538461538461 0.08173076923076923 0.08173076923076923
0 0.7331730769230769 0.6201923076923077 0.021634615384615384 0.021634615384615384
0 0.7007211538461539 0.49158653846153844 0.04326923076923077 0.04326923076923077
0 0.7079326923076923 0.5204326923076923 0.038461538461538464 0.038461538461538464
0 0.8245192307692307 0.4495192307692308 0.042067307692307696 0.042067307692307696
0 0.8269230769230769 0.4987980769230769 0.021634615384615384 0.021634615384615384
0 0.7884615384615384 0.546875 0.02283653846153846 0.02283653846153846
0 0.6394230769230769 0.6838942307692307 0.02283653846153846 0.02283653846153846
0 0.7127403846153846 0.765625 0.020432692307692308 0.020432692307692308
0 0.8353365384615384 0.7584134615384616 0.021634615384615384 0.021634615384615384
0 0.8401442307692307 0.7728365384615384 0.02283653846153846 0.02283653846153846
0 0.8076923076923077 0.78125 0.020432692307692308 0.020432692307692308
0 0.5997596153846154 0.8846153846153846 0.020432692307692308 0.020432692307692308
0 0.46033653846153844 0.8846153846153846 0.04447115384615385 0.04447115384615385
0 0.8545673076923077 0.8942307692307693 0.018028846153846152 0.018028846153846152
0 0.9158653846153846 0.9266826923076923 0.021634615384615384 0.021634615384615384
0 0.6706730769230769 0.9495192307692307 0.030048076923076924 0.030048076923076924
0 0.9146634615384616 0.8040865384615384 0.016826923076923076 0.016826923076923076
0 0.9747596153846154 0.7271634615384616 0.018028846153846152 0.018028846153846152
0 0.8665865384615384 0.5901442307692307 0.018028846153846152 0.018028846153846152
0 0.8882211538461539 0.6706730769230769 0.13701923076923078 0.13701923076923078
0 0.9338942307692307 0.4483173076923077 0.02283653846153846 0.02283653846153846
0 0.7764423076923077 0.41947115384615385 0.016826923076923076 0.016826923076923076
0 0.8257211538461539 0.9603365384615384 0.046875 0.046875
0 0.8569711538461539 0.9302884615384616 0.09495192307692307 0.09495192307692307
0 0.6334134615384616 0.9579326923076923 0.016826923076923076 0.016826923076923076
0 0.5336538461538461 0.9603365384615384 0.025240384615384616 0.025240384615384616
0 0.38221153846153844 0.9663461538461539 0.020432692307692308 0.020432692307692308
0 0.23798076923076922 0.953125 0.042067307692307696 0.042067307692307696
0 0.25961538461538464 0.8653846153846154 0.20192307692307693 0.20192307692307693
0 0.19110576923076922 0.9362980769230769 0.018028846153846152 0.018028846153846152
0 0.11899038461538461 0.9362980769230769 0.030048076923076924 0.030048076923076924
0 0.13341346153846154 0.49278846153846156 0.021634615384615384 0.021634615384615384
0 0.22956730769230768 0.4411057692307692 0.020432692307692308 0.020432692307692308
0 0.46033653846153844 0.578125 0.04326923076923077 0.04326923076923077