0 0.8737980769230769 0.23557692307692307 0.018028846153846152 0.018028846153846152
0 0.9194711538461539 0.3293269230769231 0.02283653846153846 0.02283653846153846
0 0.6586538461538461 0.046875 0.018028846153846152 0.018028846153846152
0 0.5372596153846154 0.12379807692307693 0.030048076923076924 0.030048076923076924
0 0.5637019230769231 0.2920673076923077 0.018028846153846152 0.018028846153846152
0 0.5372596153846154 0.2980769230769231 0.020432692307692308 0.020432692307692308
0 0.5192307692307693 0.30288461538461536 0.018028846153846152 0.018028846153846152
0 0.43149038461538464 0.1778846153846154 0.020432692307692308 0.020432692307692308
0 0.3762019230769231 0.19471153846153846 0.02283653846153846 0.02283653846153846
0 0.3858173076923077 0.20192307692307693 0.02283653846153846 0.02283653846153846
0 0.5649038461538461 0.04927884615384615 0.018028846153846152 0.018028846153846152
0 0.13701923076923078 0.18269230769230768 0.020432692307692308 0.020432692307692308
0 0.02403846153846154 0.2800480769230769 0.021634615384615384 0.021634615384615384
0 0.04567307692307692 0.7848557692307693 0.026442307692307692 0.026442307692307692
0 0.05048076923076923 0.4951923076923077 0.016826923076923076 0.016826923076923076
0 0.27524038461538464 0.4855769230769231 0.021634615384615384 0.021634615384615384
0 0.2764423076923077 0.5 0.025240384615384616 0.025240384615384616
0 0.39302884615384615 0.6394230769230769 0.028846153846153848 0.028846153846153848
0 0.4074519230769231 0.6478365384615384 0.025240384615384616 0.025240384615384616
0 0.4110576923076923 0.6730769230769231 0.051682692307692304 0.051682692307692304
0 0.46634615384615385 0.6105769230769231 0.021634615384615384 0.021634615384615384
0 0.42908653846153844 0.6237980769230769 0.016826923076923076 0.016826923076923076
0 0.43990384615384615 0.5096153846153846 0.018028846153846152 0.018028846153846152
0 0.4387019230769231 0.7307692307692307 0.018028846153846152 0.018028846153846152
0 0.4326923076923077 0.7680288461538461 0.026442307692307692 0.026442307692307692
0 0.5144230769230769 0.7319711538461539 0.018028846153846152 0.018028846153846152
0 0.49158653846153844 0.7788461538461539 0.025240384615384616 0.025240384615384616
0 0.46634615384615385 0.8737980769230769 0.02283653846153846 0.02283653846153846
0 0.17908653846153846 0.7463942307692307 0.020432692307692308 0.020432692307692308
0 0.12139423076923077 0.5961538461538461 0.020432692307692308 0.020432692307692308
0 0.17908653846153846 0.46033653846153844 0.021634615384615384 0.021634615384615384
0 0.24879807692307693 0.41466346153846156 0.02283653846153846 0.02283653846153846
0 0.24519230769230768 0.3894230769230769 0.025240384615384616 0.025240384615384616
0 0.28725961538461536 0.35336538461538464 0.020432692307692308 0.020432692307692308
0 0.16826923076923078 0.4387019230769231 0.02283653846153846 0.02283653846153846
0 0.4519230769230769 0.4170673076923077 0.06009615384615385 0.06009615384615385
0 0.4879807692307692 0.43509615384615385 0.026442307692307692 0.026442307692307692
0 0.46875 0.48197115384615385 0.02283653846153846 0.02283653846153846
0 0.4735576923076923 0.5204326923076923 0.026442307692307692 0.026442307692307692
0 0.39663461538461536 0.5889423076923077 0.021634615384615384 0.021634615384615384
0 0.5108173076923077 0.5300480769230769 0.026442307692307692 0.026442307692307692
0 0.5072115384615384 0.5540865384615384 0.026442307692307692 0.026442307692307692
0 0.5048076923076923 0.5721153846153846 0.03485576923076923 0.03485576923076923
0 0.5108173076923077 0.6129807692307693 0.030048076923076924 0.030048076923076924
0 0.5168269230769231 0.6454326923076923 0.021634615384615384 0.021634615384615384
0 0.5576923076923077 0.6201923076923077 0.02283653846153846 0.02283653846153846
0 0.5973557692307693 0.6153846153846154 0.028846153846153848 0.028846153846153848
0 0.6538461538461539 0.5204326923076923 0.025240384615384616 0.025240384615384616
0 0.7007211538461539 0.33774038461538464 0.028846153846153848 0.028846153846153848
0 0.6730769230769231 0.5036057692307693 0.042067307692307696 0.042067307692307696
0 0.5661057692307693 0.8052884615384616 0.028846153846153848 0.028846153846153848
0 0.6274038461538461 0.8425480769230769 0.03125 0.03125
0 0.7367788461538461 0.7355769230769231 0.03365384615384615 0.03365384615384615
0 0.8665865384615384 0.6742788461538461 0.021634615384615384 0.021634615384615384
0 0.84375 0.5709134615384616 0.039663461538461536 0.039663461538461536
0 0.9627403846153846 0.3485576923076923 0.018028846153846152 0.018028846153846152
0 0.9278846153846154 0.3798076923076923 0.02283653846153846 0.02283653846153846
0 0.890625 0.3737980769230769 0.020432692307692308 0.020432692307692308
0 0.9230769230769231 0.44350961538461536 0.026442307692307692 0.026442307692307692
0 0.828125 0.49399038461538464 0.02283653846153846 0.02283653846153846
0 0.7788461538461539 0.5372596153846154 0.03125 0.03125
0 0.8954326923076923 0.5697115384615384 0.03365384615384615 0.03365384615384615
0 0.9579326923076923 0.5276442307692307 0.020432692307692308 0.020432692307692308
0 0.9747596153846154 0.7295673076923077 0.03485576923076923 0.03485576923076923
0 0.9026442307692307 0.7247596153846154 0.020432692307692308 0.020432692307692308
0 0.90625 0.7776442307692307 0.03485576923076923 0.03485576923076923
0 0.8221153846153846 0.7776442307692307 0.03365384615384615 0.03365384615384615
0 0.796875 0.6802884615384616 0.03125 0.03125
0 0.7127403846153846 0.6286057692307693 0.038461538461538464 0.038461538461538464
0 0.7199519230769231 0.6802884615384616 0.026442307692307692 0.026442307692307692
0 0.5769230769230769 0.7019230769230769 0.04326923076923077 0.04326923076923077
0 0.5925480769230769 0.7271634615384616 0.020432692307692308 0.020432692307692308
0 0.9459134615384616 0.8870192307692307 0.0733173076923077 0.0733173076923077
0 0.46274038461538464 0.9651442307692307 0.018028846153846152 0.018028846153846152
0 0.5228365384615384 0.9194711538461539 0.03485576923076923 0.03485576923076923
0 0.5072115384615384 0.8990384615384616 0.025240384615384616 0.025240384615384616
0 0.7199519230769231 0.3629807692307692 0.04447115384615385 0.04447115384615385
0 0.8497596153846154 0.8990384615384616 0.028846153846153848 0.028846153846153848