0 0.5516826923076923 0.7451923076923077 0.4879807692307692 0.4879807692307692
0 0.9675480769230769 0.12139423076923077 0.025240384615384616 0.025240384615384616
0 0.8545673076923077 0.021634615384615384 0.021634615384615384 0.021634615384615384
0 0.8245192307692307 0.021634615384615384 0.018028846153846152 0.018028846153846152
0 0.7884615384615384 0.03485576923076923 0.03485576923076923 0.03485576923076923
0 0.8112980769230769 0.04447115384615385 0.020432692307692308 0.020432692307692308
0 0.8257211538461539 0.09014423076923077 0.030048076923076924 0.030048076923076924
0 0.9567307692307693 0.18389423076923078 0.018028846153846152 0.018028846153846152
0 0.8112980769230769 0.33533653846153844 0.02283653846153846 0.02283653846153846
0 0.5733173076923077 0.17307692307692307 0.15384615384615385 0.15384615384615385
0 0.6802884615384616 0.08533653846153846 0.039663461538461536 0.039663461538461536
0 0.33413461538461536 0.046875 0.08052884615384616 0.08052884615384616
0 0.25961538461538464 0.12860576923076922 0.04807692307692308 0.04807692307692308
0 0.20793269230769232 0.09975961538461539 0.03365384615384615 0.03365384615384615
0 0.19110576923076922 0.1346153846153846 0.018028846153846152 0.018028846153846152
0 0.19110576923076922 0.14783653846153846 0.07211538461538461 0.07211538461538461
0 0.21875 0.17908653846153846 0.04447115384615385 0.04447115384615385
0 0.23197115384615385 0.20552884615384615 0.056490384615384616 0.056490384615384616
0 0.3786057692307692 0.23557692307692307 0.026442307692307692 0.026442307692307692
0 0.4411057692307692 0.18269230769230768 0.16346153846153846 0.16346153846153846
0 0.3737980769230769 0.09735576923076923 0.04807692307692308 0.04807692307692308
0 0.3425480769230769 0.19831730769230768 0.05889423076923077 0.05889423076923077
0 0.28125 0.2091346153846154 0.04447115384615385 0.04447115384615385
0 0.3004807692307692 0.2980769230769231 0.17668269230769232 0.17668269230769232
0 0.33052884615384615 0.3894230769230769 0.020432692307692308 0.020432692307692308
0 0.46153846153846156 0.3786057692307692 0.038461538461538464 0.038461538461538464
0 0.4987980769230769 0.4639423076923077 0.04326923076923077 0.04326923076923077
0 0.3786057692307692 0.48677884615384615 0.15144230769230768 0.15144230769230768
0 0.35216346153846156 0.5805288461538461 0.02283653846153846 0.02283653846153846
0 0.5961538461538461 0.5108173076923077 0.04447115384615385 0.04447115384615385
0 0.07932692307692307 0.34375 0.028846153846153848 0.028846153846153848
0 0.04807692307692308 0.8521634615384616 0.026442307692307692 0.026442307692307692
0 0.1045673076923077 0.7956730769230769 0.020432692307692308 0.020432692307692308
0 0.1310096153846154 0.8870192307692307 0.028846153846153848 0.028846153846153848
0 0.16466346153846154 0.6778846153846154 0.04447115384615385 0.04447115384615385
0 0.07451923076923077 0.48197115384615385 0.025240384615384616 0.025240384615384616
0 0.019230769230769232 0.5144230769230769 0.018028846153846152 0.018028846153846152
0 0.13942307692307693 0.6237980769230769 0.016826923076923076 0.016826923076923076
0 0.26802884615384615 0.5853365384615384 0.020432692307692308 0.020432692307692308
0 0.29927884615384615 0.6370192307692307 0.03485576923076923 0.03485576923076923
0 0.29447115384615385 0.6862980769230769 0.07211538461538461 0.07211538461538461
0 0.2620192307692308 0.6225961538461539 0.04447115384615385 0.04447115384615385
0 0.25721153846153844 0.6586538461538461 0.05889423076923077 0.05889423076923077
0 0.22596153846153846 0.9266826923076923 0.021634615384615384 0.021634615384615384
0 0.19951923076923078 0.8966346153846154 0.026442307692307692 0.026442307692307692
0 0.2980769230769231 0.9375 0.021634615384615384 0.021634615384615384
0 0.47596153846153844 0.78125 0.037259615384615384 0.037259615384615384
0 0.12620192307692307 0.5745192307692307 0.021634615384615384 0.021634615384615384
0 0.47716346153846156 0.6742788461538461 0.018028846153846152 0.018028846153846152
0 0.5600961538461539 0.7848557692307693 0.020432692307692308 0.020432692307692308
0 0.6778846153846154 0.6838942307692307 0.028846153846153848 0.028846153846153848
0 0.7524038461538461 0.7451923076923077 0.052884615384615384 0.052884615384615384
0 0.7548076923076923 0.6875 0.03485576923076923 0.03485576923076923
0 0.7980769230769231 0.8161057692307693 0.03125 0.03125
0 0.7572115384615384 0.8701923076923077 0.038461538461538464 0.038461538461538464
0 0.6802884615384616 0.9038461538461539 0.052884615384615384 0.052884615384615384
0 0.6141826923076923 0.9555288461538461 0.02283653846153846 0.02283653846153846
0 0.6502403846153846 0.9495192307692307 0.039663461538461536 0.039663461538461536
0 0.7788461538461539 0.5204326923076923 0.020432692307692308 0.020432692307692308
0 0.8870192307692307 0.5877403846153846 0.021634615384615384 0.021634615384615384
0 0.8762019230769231 0.4423076923076923 0.021634615384615384 0.021634615384615384
0 0.6850961538461539 0.42908653846153844 0.04447115384615385 0.04447115384615385
0 0.40384615384615385 0.6802884615384616 0.09375 0.09375
0 0.8521634615384616 0.6346153846153846 0.026442307692307692 0.026442307692307692
0 0.9627403846153846 0.5276442307692307 0.04447115384615385 0.04447115384615385
0 0.9447115384615384 0.7728365384615384 0.025240384615384616 0.025240384615384616
0 0.8930288461538461 0.7920673076923077 0.03485576923076923 0.03485576923076923
0 0.9663461538461539 0.7512019230769231 0.03125 0.03125
0 0.9483173076923077 0.8305288461538461 0.03125 0.03125
0 0.9387019230769231 0.8665865384615384 0.04447115384615385 0.04447115384615385
0 0.9699519230769231 0.8762019230769231 0.02283653846153846 0.02283653846153846
0 0.8978365384615384 0.8329326923076923 0.039663461538461536 0.039663461538461536
0 0.9675480769230769 0.6177884615384616 0.020432692307692308 0.020432692307692308
0 0.9459134615384616 0.9170673076923077 0.016826923076923076 0.016826923076923076
0 0.90625 0.9591346153846154 0.04447115384615385 0.04447115384615385
0 0.8774038461538461 0.9411057692307693 0.021634615384615384 0.021634615384615384
0 0.8629807692307693 0.96875 0.018028846153846152 0.018028846153846152
0 0.8052884615384616 0.9519230769230769 0.030048076923076924 0.030048076923076924
0 0.7752403846153846 0.9771634615384616 0.03485576923076923 0.03485576923076923
0 0.109375 0.21514423076923078 0.020432692307692308 0.020432692307692308
0 0.19471153846153846 0.7211538461538461 0.15384615384615385 0.15384615384615385
0 0.16706730769230768 0.7752403846153846 0.039663461538461536 0.039663461538461536