0 0.6021634615384616 0.05048076923076923 0.038461538461538464 0.038461538461538464
0 0.47475961538461536 0.028846153846153848 0.025240384615384616 0.025240384615384616
0 0.9423076923076923 0.20432692307692307 0.03365384615384615 0.03365384615384615
0 0.7620192307692307 0.15625 0.026442307692307692 0.026442307692307692
0 0.7620192307692307 0.18269230769230768 0.03485576923076923 0.03485576923076923
0 0.7644230769230769 0.22115384615384615 0.025240384615384616 0.025240384615384616
0 0.8882211538461539 0.24278846153846154 0.018028846153846152 0.018028846153846152
0 0.859375 0.1658653846153846 0.018028846153846152 0.018028846153846152
0 0.6802884615384616 0.12139423076923077 0.016826923076923076 0.016826923076923076
0 0.6045673076923077 0.18990384615384615 0.021634615384615384 0.021634615384615384
0 0.6237980769230769 0.22235576923076922 0.07451923076923077 0.07451923076923077
0 0.6538461538461539 0.26322115384615385 0.055288461538461536 0.055288461538461536
0 0.5961538461538461 0.2608173076923077 0.037259615384615384 0.037259615384615384
0 0.5625 0.28125 0.03365384615384615 0.03365384615384615
0 0.6117788461538461 0.34134615384615385 0.028846153846153848 0.028846153846153848
0 0.7007211538461539 0.34134615384615385 0.021634615384615384 0.021634615384615384
0 0.6838942307692307 0.3545673076923077 0.018028846153846152 0.018028846153846152
0 0.8689903846153846 0.2536057692307692 0.171875 0.171875
0 0.7884615384615384 0.20432692307692307 0.018028846153846152 0.018028846153846152
0 0.7115384615384616 0.12139423076923077 0.020432692307692308 0.020432692307692308
0 0.7932692307692307 0.37259615384615385 0.030048076923076924 0.030048076923076924
0 0.7704326923076923 0.3870192307692308 0.018028846153846152 0.018028846153846152
0 0.6802884615384616 0.375 0.020432692307692308 0.020432692307692308
0 0.8894230769230769 0.09975961538461539 0.02283653846153846 0.02283653846153846
0 0.8786057692307693 0.0829326923076923 0.02283653846153846 0.02283653846153846
0 0.4987980769230769 0.1658653846153846 0.06850961538461539 0.06850961538461539
0 0.5324519230769231 0.28966346153846156 0.025240384615384616 0.025240384615384616
0 0.53125 0.33052884615384615 0.025240384615384616 0.025240384615384616
0 0.48197115384615385 0.3942307692307692 0.025240384615384616 0.025240384615384616
0 0.4879807692307692 0.4338942307692308 0.04326923076923077 0.04326923076923077
0 0.5036057692307693 0.46274038461538464 0.028846153846153848 0.028846153846153848
0 0.46033653846153844 0.4807692307692308 0.028846153846153848 0.028846153846153848
0 0.5288461538461539 0.45072115384615385 0.026442307692307692 0.026442307692307692
0 0.5396634615384616 0.49038461538461536 0.07692307692307693 0.07692307692307693
0 0.5492788461538461 0.3894230769230769 0.021634615384615384 0.021634615384615384
0 0.3629807692307692 0.3894230769230769 0.030048076923076924 0.030048076923076924
0 0.33413461538461536 0.38221153846153844 0.030048076923076924 0.030048076923076924
0 0.2644230769230769 0.35096153846153844 0.02283653846153846 0.02283653846153846
0 0.2704326923076923 0.3737980769230769 0.021634615384615384 0.021634615384615384
0 0.2920673076923077 0.24158653846153846 0.02283653846153846 0.02283653846153846
0 0.36658653846153844 0.2512019230769231 0.28846153846153844 0.28846153846153844
0 0.3076923076923077 0.43028846153846156 0.05048076923076923 0.05048076923076923
0 0.19230769230769232 0.12379807692307693 0.037259615384615384 0.037259615384615384
0 0.17307692307692307 0.1622596153846154 0.052884615384615384 0.052884615384615384
0 0.1778846153846154 0.09975961538461539 0.03365384615384615 0.03365384615384615
0 0.16706730769230768 0.06129807692307692 0.026442307692307692 0.026442307692307692
0 0.1502403846153846 0.08173076923076923 0.025240384615384616 0.025240384615384616
0 0.13341346153846154 0.05889423076923077 0.030048076923076924 0.030048076923076924
0 0.07091346153846154 0.15625 0.06009615384615385 0.06009615384615385
0 0.030048076923076924 0.14423076923076922 0.021634615384615384 0.021634615384615384
0 0.09495192307692307 0.1310096153846154 0.025240384615384616 0.025240384615384616
0 0.055288461538461536 0.1045673076923077 0.052884615384615384 0.052884615384615384
0 0.026442307692307692 0.1141826923076923 0.051682692307692304 0.051682692307692304
0 0.10697115384615384 0.28365384615384615 0.016826923076923076 0.016826923076923076
0 0.055288461538461536 0.3605769230769231 0.016826923076923076 0.016826923076923076
0 0.05048076923076923 0.6129807692307693 0.030048076923076924 0.030048076923076924
0 0.020432692307692308 0.7403846153846154 0.021634615384615384 0.021634615384615384
0 0.028846153846153848 0.796875 0.05048076923076923 0.05048076923076923
0 0.04927884615384615 0.8810096153846154 0.028846153846153848 0.028846153846153848
0 0.23677884615384615 0.59375 0.018028846153846152 0.018028846153846152
0 0.18629807692307693 0.59375 0.018028846153846152 0.018028846153846152
0 0.34975961538461536 0.46875 0.021634615384615384 0.021634615384615384
0 0.42788461538461536 0.59375 0.020432692307692308 0.020432692307692308
0 0.47475961538461536 0.6346153846153846 0.02283653846153846 0.02283653846153846
0 0.5144230769230769 0.5841346153846154 0.028846153846153848 0.028846153846153848
0 0.4879807692307692 0.5336538461538461 0.020432692307692308 0.020432692307692308
0 0.4831730769230769 0.5072115384615384 0.02283653846153846 0.02283653846153846
0 0.34134615384615385 0.5048076923076923 0.020432692307692308 0.020432692307692308
0 0.18028846153846154 0.6778846153846154 0.07692307692307693 0.07692307692307693
0 0.296875 0.7668269230769231 0.030048076923076924 0.030048076923076924
0 0.32572115384615385 0.8365384615384616 0.04326923076923077 0.04326923076923077
0 0.3269230769230769 0.8569711538461539 0.028846153846153848 0.028846153846153848
0 0.24639423076923078 0.8509615384615384 0.09014423076923077 0.09014423076923077
0 0.4699519230769231 0.8846153846153846 0.028846153846153848 0.028846153846153848
0 0.46274038461538464 0.8161057692307693 0.03125 0.03125
0 0.42427884615384615 0.7680288461538461 0.020432692307692308 0.020432692307692308
0 0.40384615384615385 0.7836538461538461 0.016826923076923076 0.016826923076923076
0 0.4855769230769231 0.7836538461538461 0.018028846153846152 0.018028846153846152
0 0.5625 0.78125 0.026442307692307692 0.026442307692307692
0 0.6189903846153846 0.8497596153846154 0.037259615384615384 0.037259615384615384
0 0.4338942307692308 0.71875 0.016826923076923076 0.016826923076923076
0 0.47475961538461536 0.671875 0.016826923076923076 0.016826923076923076
0 0.5480769230769231 0.6153846153846154 0.042067307692307696 0.042067307692307696
0 0.5240384615384616 0.6117788461538461 0.030048076923076924 0.030048076923076924
0 0.6262019230769231 0.5204326923076923 0.025240384615384616 0.025240384615384616
0 0.5997596153846154 0.5276442307692307 0.025240384615384616 0.025240384615384616
0 0.5264423076923077 0.49278846153846156 0.018028846153846152 0.018028846153846152
0 0.6935096153846154 0.4495192307692308 0.02283653846153846 0.02283653846153846
0 0.7175480769230769 0.39783653846153844 0.02283653846153846 0.02283653846153846
0 0.8341346153846154 0.47115384615384615 0.018028846153846152 0.018028846153846152
0 0.8112980769230769 0.625 0.016826923076923076 0.016826923076923076
0 0.7055288461538461 0.8149038461538461 0.03485576923076923 0.03485576923076923
0 0.6983173076923077 0.8329326923076923 0.02283653846153846 0.02283653846153846
0 0.7055288461538461 0.859375 0.028846153846153848 0.028846153846153848
0 0.6959134615384616 0.9206730769230769 0.06009615384615385 0.06009615384615385
0 0.7451923076923077 0.9182692307692307 0.026442307692307692 0.026442307692307692
0 0.7331730769230769 0.9375 0.021634615384615384 0.021634615384615384
0 0.6490384615384616 0.9326923076923077 0.051682692307692304 0.051682692307692304
0 0.8329326923076923 0.9002403846153846 0.018028846153846152 0.018028846153846152
0 0.8269230769230769 0.9122596153846154 0.016826923076923076 0.016826923076923076
0 0.7980769230769231 0.8353365384615384 0.016826923076923076 0.016826923076923076
0 0.8846153846153846 0.8461538461538461 0.025240384615384616 0.025240384615384616
0 0.7992788461538461 0.34615384615384615 0.020432692307692308 0.020432692307692308
0 0.5829326923076923 0.3894230769230769 0.026442307692307692 0.026442307692307692
0 0.5612980769230769 0.4110576923076923 0.021634615384615384 0.021634615384615384
0 0.96875 0.9747596153846154 0.020432692307692308 0.020432692307692308
0 0.6911057692307693 0.9627403846153846 0.03365384615384615 0.03365384615384615
0 0.5600961538461539 0.9423076923076923 0.06129807692307692 0.06129807692307692
0 0.5048076923076923 0.9375 0.06370192307692307 0.06370192307692307
0 0.41225961538461536 0.9591346153846154 0.04326923076923077 0.04326923076923077
0 0.08052884615384616 0.9411057692307693 0.02283653846153846 0.02283653846153846
0 0.09975961538461539 0.9302884615384616 0.02283653846153846 0.02283653846153846
0 0.109375 0.9435096153846154 0.016826923076923076 0.016826923076923076
0 0.9807692307692307 0.015625 0.028846153846153848 0.028846153846153848
0 0.41947115384615385 0.056490384615384616 0.028846153846153848 0.028846153846153848
0 0.25721153846153844 0.21514423076923078 0.078125 0.078125