0 0.9423076923076923 0.02403846153846154 0.020432692307692308 0.020432692307692308
0 0.7956730769230769 0.32211538461538464 0.02283653846153846 0.02283653846153846
0 0.4254807692307692 0.10096153846153846 0.028846153846153848 0.028846153846153848
0 0.40625 0.1346153846153846 0.020432692307692308 0.020432692307692308
0 0.4362980769230769 0.27283653846153844 0.016826923076923076 0.016826923076923076
0 0.37259615384615385 0.34615384615384615 0.03365384615384615 0.03365384615384615
0 0.3485576923076923 0.38461538461538464 0.02283653846153846 0.02283653846153846
0 0.7896634615384616 0.3581730769230769 0.021634615384615384 0.021634615384615384
0 0.9002403846153846 0.36538461538461536 0.039663461538461536 0.039663461538461536
0 0.09134615384615384 0.09375 0.04447115384615385 0.04447115384615385
0 0.09375 0.13822115384615385 0.018028846153846152 0.018028846153846152
0 0.02403846153846154 0.025240384615384616 0.02283653846153846 0.02283653846153846
0 0.15985576923076922 0.23798076923076922 0.016826923076923076 0.016826923076923076
0 0.2608173076923077 0.24278846153846154 0.025240384615384616 0.025240384615384616
0 0.03125 0.4483173076923077 0.038461538461538464 0.038461538461538464
0 0.010817307692307692 0.4675480769230769 0.018028846153846152 0.018028846153846152
0 0.03125 0.4098557692307692 0.028846153846153848 0.028846153846153848
0 0.018028846153846152 0.38221153846153844 0.030048076923076924 0.030048076923076924
0 0.038461538461538464 0.33533653846153844 0.02283653846153846 0.02283653846153846
0 0.06490384615384616 0.46634615384615385 0.038461538461538464 0.038461538461538464
0 0.10216346153846154 0.4579326923076923 0.042067307692307696 0.042067307692307696
0 0.06490384615384616 0.5685096153846154 0.028846153846153848 0.028846153846153848
0 0.037259615384615384 0.6646634615384616 0.02283653846153846 0.02283653846153846
0 0.09375 0.7403846153846154 0.037259615384615384 0.037259615384615384
0 0.2620192307692308 0.9134615384615384 0.055288461538461536 0.055288461538461536
0 0.09014423076923077 0.9675480769230769 0.016826923076923076 0.016826923076923076
0 0.06610576923076923 0.8978365384615384 0.042067307692307696 0.042067307692307696
0 0.06610576923076923 0.9254807692307693 0.04807692307692308 0.04807692307692308
0 0.10697115384615384 0.6875 0.02283653846153846 0.02283653846153846
0 0.2848557692307692 0.6911057692307693 0.020432692307692308 0.020432692307692308
0 0.4735576923076923 0.7920673076923077 0.020432692307692308 0.020432692307692308
0 0.4795673076923077 0.8040865384615384 0.025240384615384616 0.025240384615384616
0 0.5024038461538461 0.7475961538461539 0.026442307692307692 0.026442307692307692
0 0.41586538461538464 0.6502403846153846 0.018028846153846152 0.018028846153846152
0 0.3485576923076923 0.6358173076923077 0.018028846153846152 0.018028846153846152
0 0.2536057692307692 0.6622596153846154 0.026442307692307692 0.026442307692307692
0 0.24278846153846154 0.6201923076923077 0.03365384615384615 0.03365384615384615
0 0.453125 0.49278846153846156 0.020432692307692308 0.020432692307692308
0 0.53125 0.4891826923076923 0.02283653846153846 0.02283653846153846
0 0.5228365384615384 0.53125 0.016826923076923076 0.016826923076923076
0 0.47596153846153844 0.5264423076923077 0.018028846153846152 0.018028846153846152
0 0.5516826923076923 0.5877403846153846 0.026442307692307692 0.026442307692307692
0 0.640625 0.4795673076923077 0.02283653846153846 0.02283653846153846
0 0.5961538461538461 0.5348557692307693 0.025240384615384616 0.025240384615384616
0 0.6634615384615384 0.6370192307692307 0.02283653846153846 0.02283653846153846
0 0.6418269230769231 0.7800480769230769 0.018028846153846152 0.018028846153846152
0 0.5961538461538461 0.8317307692307693 0.02283653846153846 0.02283653846153846
0 0.59375 0.7704326923076923 0.021634615384615384 0.021634615384615384
0 0.6706730769230769 0.78125 0.03485576923076923 0.03485576923076923
0 0.6887019230769231 0.7487980769230769 0.020432692307692308 0.020432692307692308
0 0.7079326923076923 0.8329326923076923 0.026442307692307692 0.026442307692307692
0 0.47115384615384615 0.7067307692307693 0.016826923076923076 0.016826923076923076
0 0.7367788461538461 0.4266826923076923 0.021634615384615384 0.021634615384615384
0 0.7151442307692307 0.41947115384615385 0.09495192307692307 0.09495192307692307
0 0.8125 0.4579326923076923 0.030048076923076924 0.030048076923076924
0 0.7896634615384616 0.4519230769230769 0.020432692307692308 0.020432692307692308
0 0.7740384615384616 0.4411057692307692 0.046875 0.046875
0 0.859375 0.45072115384615385 0.020432692307692308 0.020432692307692308
0 0.8798076923076923 0.44350961538461536 0.021634615384615384 0.021634615384615384
0 0.8846153846153846 0.46153846153846156 0.030048076923076924 0.030048076923076924
0 0.9038461538461539 0.484375 0.030048076923076924 0.030048076923076924
0 0.8762019230769231 0.48677884615384615 0.016826923076923076 0.016826923076923076
0 0.8617788461538461 0.5396634615384616 0.039663461538461536 0.039663461538461536
0 0.7944711538461539 0.5012019230769231 0.018028846153846152 0.018028846153846152
0 0.9543269230769231 0.47115384615384615 0.021634615384615384 0.021634615384615384
0 0.9038461538461539 0.5228365384615384 0.04326923076923077 0.04326923076923077
0 0.8930288461538461 0.5504807692307693 0.030048076923076924 0.030048076923076924
0 0.9014423076923077 0.5757211538461539 0.025240384615384616 0.025240384615384616
0 0.8557692307692307 0.5745192307692307 0.018028846153846152 0.018028846153846152
0 0.8713942307692307 0.6262019230769231 0.02283653846153846 0.02283653846153846
0 0.921875 0.5709134615384616 0.03365384615384615 0.03365384615384615
0 0.9254807692307693 0.546875 0.03485576923076923 0.03485576923076923
0 0.9338942307692307 0.515625 0.016826923076923076 0.016826923076923076
0 0.9362980769230769 0.49278846153846156 0.03365384615384615 0.03365384615384615
0 0.8473557692307693 0.6778846153846154 0.026442307692307692 0.026442307692307692
0 0.8317307692307693 0.6887019230769231 0.028846153846153848 0.028846153846153848
0 0.9495192307692307 0.8052884615384616 0.030048076923076924 0.030048076923076924
0 0.859375 0.8798076923076923 0.025240384615384616 0.025240384615384616
0 0.6538461538461539 0.8521634615384616 0.018028846153846152 0.018028846153846152
0 0.96875 0.5709134615384616 0.028846153846153848 0.028846153846153848
0 0.9579326923076923 0.5865384615384616 0.025240384615384616 0.025240384615384616
0 0.9230769230769231 0.8942307692307693 0.020432692307692308 0.020432692307692308
0 0.8425480769230769 0.9387019230769231 0.037259615384615384 0.037259615384615384
0 0.7223557692307693 0.9819711538461539 0.018028846153846152 0.018028846153846152
0 0.5036057692307693 0.9086538461538461 0.03125 0.03125
0 0.9855769230769231 0.9387019230769231 0.025240384615384616 0.025240384615384616