0 0.8521634615384616 0.19471153846153846 0.03365384615384615 0.03365384615384615
0 0.8533653846153846 0.18028846153846154 0.11057692307692307 0.11057692307692307
0 0.7944711538461539 0.24759615384615385 0.018028846153846152 0.018028846153846152
0 0.7788461538461539 0.13942307692307693 0.020432692307692308 0.020432692307692308
0 0.9002403846153846 0.45552884615384615 0.19471153846153846 0.19471153846153846
0 0.5997596153846154 0.4098557692307692 0.037259615384615384 0.037259615384615384
0 0.6322115384615384 0.5745192307692307 0.038461538461538464 0.038461538461538464
0 0.6646634615384616 0.6754807692307693 0.055288461538461536 0.055288461538461536
0 0.53125 0.6153846153846154 0.02283653846153846 0.02283653846153846
0 0.44471153846153844 0.6875 0.05048076923076923 0.05048076923076923
0 0.4567307692307692 0.5180288461538461 0.025240384615384616 0.025240384615384616
0 0.4206730769230769 0.5168269230769231 0.038461538461538464 0.038461538461538464
0 0.42788461538461536 0.5324519230769231 0.018028846153846152 0.018028846153846152
0 0.3762019230769231 0.5420673076923077 0.026442307692307692 0.026442307692307692
0 0.3629807692307692 0.4519230769230769 0.026442307692307692 0.026442307692307692
0 0.41947115384615385 0.4579326923076923 0.018028846153846152 0.018028846153846152
0 0.39903846153846156 0.4483173076923077 0.0829326923076923 0.0829326923076923
0 0.3173076923076923 0.7115384615384616 0.020432692307692308 0.020432692307692308
0 0.38461538461538464 0.35096153846153844 0.018028846153846152 0.018028846153846152
0 0.18028846153846154 0.4519230769230769 0.03365384615384615 0.03365384615384615
0 0.6177884615384616 0.3233173076923077 0.10336538461538461 0.10336538461538461
0 0.8185096153846154 0.014423076923076924 0.025240384615384616 0.025240384615384616
0 0.7884615384615384 0.08774038461538461 0.02283653846153846 0.02283653846153846
0 0.796875 0.05048076923076923 0.042067307692307696 0.042067307692307696
0 0.49158653846153844 0.05048076923076923 0.03365384615384615 0.03365384615384615
0 0.5096153846153846 0.08774038461538461 0.021634615384615384 0.021634615384615384
0 0.5060096153846154 0.15384615384615385 0.025240384615384616 0.025240384615384616
0 0.5 0.16706730769230768 0.02283653846153846 0.02283653846153846
0 0.6105769230769231 0.12740384615384615 0.037259615384615384 0.037259615384615384
0 0.4795673076923077 0.3449519230769231 0.021634615384615384 0.021634615384615384
0 0.44471153846153844 0.31971153846153844 0.018028846153846152 0.018028846153846152
0 0.5360576923076923 0.2403846153846154 0.018028846153846152 0.018028846153846152
0 0.39663461538461536 0.33413461538461536 0.0829326923076923 0.0829326923076923
0 0.30649038461538464 0.030048076923076924 0.028846153846153848 0.028846153846153848
0 0.2848557692307692 0.055288461538461536 0.02283653846153846 0.02283653846153846
0 0.23677884615384615 0.1201923076923077 0.026442307692307692 0.026442307692307692
0 0.1875 0.09615384615384616 0.042067307692307696 0.042067307692307696
0 0.17427884615384615 0.265625 0.06490384615384616 0.06490384615384616
0 0.31971153846153844 0.31850961538461536 0.016826923076923076 0.016826923076923076
0 0.11057692307692307 0.34134615384615385 0.020432692307692308 0.020432692307692308
0 0.09254807692307693 0.328125 0.025240384615384616 0.025240384615384616
0 0.0829326923076923 0.3737980769230769 0.018028846153846152 0.018028846153846152
0 0.0673076923076923 0.3329326923076923 0.020432692307692308 0.020432692307692308
0 0.05048076923076923 0.29927884615384615 0.021634615384615384 0.021634615384615384
0 0.03365384615384615 0.18870192307692307 0.030048076923076924 0.030048076923076924
0 0.016826923076923076 0.21033653846153846 0.02283653846153846 0.02283653846153846
0 0.014423076923076924 0.2620192307692308 0.021634615384615384 0.021634615384615384
0 0.05889423076923077 0.039663461538461536 0.021634615384615384 0.021634615384615384
0 0.05048076923076923 0.07572115384615384 0.026442307692307692 0.026442307692307692
0 0.09735576923076923 0.17668269230769232 0.1466346153846154 0.1466346153846154
0 0.026442307692307692 0.953125 0.026442307692307692 0.026442307692307692
0 0.028846153846153848 0.43990384615384615 0.018028846153846152 0.018028846153846152
0 0.13942307692307693 0.6682692307692307 0.037259615384615384 0.037259615384615384
0 0.15625 0.6778846153846154 0.016826923076923076 0.016826923076923076
0 0.20192307692307693 0.8653846153846154 0.04807692307692308 0.04807692307692308
0 0.2247596153846154 0.9050480769230769 0.03125 0.03125
0 0.07451923076923077 0.9627403846153846 0.018028846153846152 0.018028846153846152
0 0.04807692307692308 0.9771634615384616 0.026442307692307692 0.026442307692307692
0 0.13341346153846154 0.8269230769230769 0.018028846153846152 0.018028846153846152
0 0.25 0.9338942307692307 0.025240384615384616 0.025240384615384616
0 0.28125 0.9387019230769231 0.02283653846153846 0.02283653846153846
0 0.28125 0.9639423076923077 0.030048076923076924 0.030048076923076924
0 0.3016826923076923 0.9278846153846154 0.026442307692307692 0.026442307692307692
0 0.29927884615384615 0.9519230769230769 0.020432692307692308 0.020432692307692308
0 0.3798076923076923 0.9086538461538461 0.03125 0.03125
0 0.3942307692307692 0.8737980769230769 0.018028846153846152 0.018028846153846152
0 0.3954326923076923 0.8233173076923077 0.021634615384615384 0.021634615384615384
0 0.33774038461538464 0.8653846153846154 0.016826923076923076 0.016826923076923076
0 0.3449519230769231 0.8798076923076923 0.021634615384615384 0.021634615384615384
0 0.31971153846153844 0.9098557692307693 0.030048076923076924 0.030048076923076924
0 0.39302884615384615 0.7475961538461539 0.020432692307692308 0.020432692307692308
0 0.19471153846153846 0.4855769230769231 0.24879807692307693 0.24879807692307693
0 0.028846153846153848 0.40384615384615385 0.021634615384615384 0.021634615384615384
0 0.12980769230769232 0.4795673076923077 0.020432692307692308 0.020432692307692308
0 0.41346153846153844 0.5600961538461539 0.02283653846153846 0.02283653846153846
0 0.5060096153846154 0.9495192307692307 0.06370192307692307 0.06370192307692307
0 0.6670673076923077 0.9495192307692307 0.02283653846153846 0.02283653846153846
0 0.6586538461538461 0.9627403846153846 0.025240384615384616 0.025240384615384616
0 0.6514423076923077 0.9831730769230769 0.030048076923076924 0.030048076923076924
0 0.8028846153846154 0.9747596153846154 0.021634615384615384 0.021634615384615384
0 0.8533653846153846 0.9615384615384616 0.020432692307692308 0.020432692307692308
0 0.90625 0.8617788461538461 0.030048076923076924 0.030048076923076924
0 0.703125 0.7367788461538461 0.018028846153846152 0.018028846153846152
0 0.5552884615384616 0.6021634615384616 0.020432692307692308 0.020432692307692308
0 0.7331730769230769 0.7355769230769231 0.018028846153846152 0.018028846153846152
0 0.7319711538461539 0.6454326923076923 0.028846153846153848 0.028846153846153848
0 0.7055288461538461 0.41346153846153844 0.020432692307692308 0.020432692307692308
0 0.6790865384615384 0.390625 0.09134615384615384 0.09134615384615384
0 0.6394230769230769 0.39783653846153844 0.016826923076923076 0.016826923076923076
0 0.6045673076923077 0.1502403846153846 0.018028846153846152 0.018028846153846152
0 0.7271634615384616 0.359375 0.028846153846153848 0.028846153846153848
0 0.31490384615384615 0.38221153846153844 0.11778846153846154 0.11778846153846154
0 0.042067307692307696 0.3545673076923077 0.021634615384615384 0.021634615384615384