0 0.5612980769230769 0.01201923076923077 0.020432692307692308 0.020432692307692308
0 0.5492788461538461 0.11658653846153846 0.028846153846153848 0.028846153846153848
0 0.9387019230769231 0.09375 0.06370192307692307 0.06370192307692307
0 0.84375 0.04567307692307692 0.03485576923076923 0.03485576923076923
0 0.8137019230769231 0.24879807692307693 0.020432692307692308 0.020432692307692308
0 0.6382211538461539 0.3942307692307692 0.03125 0.03125
0 0.7836538461538461 0.421875 0.055288461538461536 0.055288461538461536
0 0.921875 0.4423076923076923 0.020432692307692308 0.020432692307692308
0 0.5012019230769231 0.375 0.026442307692307692 0.026442307692307692
0 0.3954326923076923 0.43028846153846156 0.018028846153846152 0.018028846153846152
0 0.40384615384615385 0.3737980769230769 0.02283653846153846 0.02283653846153846
0 0.47716346153846156 0.5072115384615384 0.04326923076923077 0.04326923076923077
0 0.3918269230769231 0.5528846153846154 0.03125 0.03125
0 0.33533653846153844 0.47115384615384615 0.021634615384615384 0.021634615384615384
0 0.35336538461538464 0.46875 0.016826923076923076 0.016826923076923076
0 0.09375 0.4855769230769231 0.025240384615384616 0.025240384615384616
0 0.4170673076923077 0.1935096153846154 0.028846153846153848 0.028846153846153848
0 0.16706730769230768 0.11778846153846154 0.03125 0.03125
0 0.17427884615384615 0.1971153846153846 0.026442307692307692 0.026442307692307692
0 0.1971153846153846 0.3137019230769231 0.05889423076923077 0.05889423076923077
0 0.22956730769230768 0.33052884615384615 0.018028846153846152 0.018028846153846152
0 0.056490384615384616 0.3737980769230769 0.020432692307692308 0.020432692307692308
0 0.12139423076923077 0.3233173076923077 0.05048076923076923 0.05048076923076923
0 0.11658653846153846 0.3713942307692308 0.03485576923076923 0.03485576923076923
0 0.41225961538461536 0.14182692307692307 0.018028846153846152 0.018028846153846152
0 0.11778846153846154 0.11538461538461539 0.042067307692307696 0.042067307692307696
0 0.21875 0.6430288461538461 0.018028846153846152 0.018028846153846152
0 0.27524038461538464 0.546875 0.018028846153846152 0.018028846153846152
0 0.1346153846153846 0.7127403846153846 0.037259615384615384 0.037259615384615384
0 0.23557692307692307 0.6610576923076923 0.016826923076923076 0.016826923076923076
0 0.9254807692307693 0.5552884615384616 0.026442307692307692 0.026442307692307692