0 0.2980769230769231 0.5348557692307693 0.22956730769230768 0.22956730769230768
0 0.027644230769230768 0.10697115384615384 0.042067307692307696 0.042067307692307696
0 0.9603365384615384 0.06610576923076923 0.026442307692307692 0.026442307692307692
0 0.9278846153846154 0.24759615384615385 0.02283653846153846 0.02283653846153846
0 0.9254807692307693 0.22115384615384615 0.03125 0.03125
0 0.9459134615384616 0.33774038461538464 0.02283653846153846 0.02283653846153846
0 0.8846153846153846 0.20432692307692307 0.04326923076923077 0.04326923076923077
0 0.8617788461538461 0.1346153846153846 0.030048076923076924 0.030048076923076924
0 0.8461538461538461 0.1935096153846154 0.037259615384615384 0.037259615384615384
0 0.7980769230769231 0.1875 0.026442307692307692 0.026442307692307692
0 0.7740384615384616 0.20552884615384615 0.025240384615384616 0.025240384615384616
0 0.7644230769230769 0.09134615384615384 0.03125 0.03125
0 0.7175480769230769 0.1466346153846154 0.030048076923076924 0.030048076923076924
0 0.6694711538461539 0.1502403846153846 0.020432692307692308 0.020432692307692308
0 0.6490384615384616 0.15745192307692307 0.020432692307692308 0.020432692307692308
0 0.6682692307692307 0.23677884615384615 0.030048076923076924 0.030048076923076924
0 0.6478365384615384 0.34134615384615385 0.02283653846153846 0.02283653846153846
0 0.6526442307692307 0.40024038461538464 0.02283653846153846 0.02283653846153846
0 0.6838942307692307 0.3918269230769231 0.020432692307692308 0.020432692307692308
0 0.6814903846153846 0.34975961538461536 0.018028846153846152 0.018028846153846152
0 0.7163461538461539 0.39663461538461536 0.021634615384615384 0.021634615384615384
0 0.8293269230769231 0.3125 0.21033653846153846 0.21033653846153846
0 0.7824519230769231 0.052884615384615384 0.026442307692307692 0.026442307692307692
0 0.7271634615384616 0.037259615384615384 0.026442307692307692 0.026442307692307692
0 0.5865384615384616 0.028846153846153848 0.018028846153846152 0.018028846153846152
0 0.5336538461538461 0.036057692307692304 0.028846153846153848 0.028846153846153848
0 0.4891826923076923 0.02403846153846154 0.020432692307692308 0.020432692307692308
0 0.4855769230769231 0.013221153846153846 0.018028846153846152 0.018028846153846152
0 0.4807692307692308 0.14423076923076922 0.039663461538461536 0.039663461538461536
0 0.3954326923076923 0.18870192307692307 0.020432692307692308 0.020432692307692308
0 0.40384615384615385 0.2247596153846154 0.028846153846153848 0.028846153846153848
0 0.40865384615384615 0.24879807692307693 0.021634615384615384 0.021634615384615384
0 0.44471153846153844 0.40625 0.04447115384615385 0.04447115384615385
0 0.41947115384615385 0.38100961538461536 0.018028846153846152 0.018028846153846152
0 0.41466346153846156 0.4254807692307692 0.025240384615384616 0.025240384615384616
0 0.59375 0.33533653846153844 0.025240384615384616 0.025240384615384616
0 0.5588942307692307 0.2956730769230769 0.016826923076923076 0.016826923076923076
0 0.7043269230769231 0.2403846153846154 0.17548076923076922 0.17548076923076922
0 0.4387019230769231 0.4519230769230769 0.018028846153846152 0.018028846153846152
0 0.38341346153846156 0.036057692307692304 0.018028846153846152 0.018028846153846152
0 0.24639423076923078 0.057692307692307696 0.038461538461538464 0.038461538461538464
0 0.3473557692307692 0.04447115384615385 0.016826923076923076 0.016826923076923076
0 0.19471153846153846 0.07572115384615384 0.018028846153846152 0.018028846153846152
0 0.20192307692307693 0.01201923076923077 0.016826923076923076 0.016826923076923076
0 0.16466346153846154 0.026442307692307692 0.020432692307692308 0.020432692307692308
0 0.1778846153846154 0.10096153846153846 0.028846153846153848 0.028846153846153848
0 0.13942307692307693 0.11538461538461539 0.018028846153846152 0.018028846153846152
0 0.18870192307692307 0.15384615384615385 0.02283653846153846 0.02283653846153846
0 0.19471153846153846 0.18629807692307693 0.021634615384615384 0.021634615384615384
0 0.1935096153846154 0.2091346153846154 0.020432692307692308 0.020432692307692308
0 0.26802884615384615 0.2403846153846154 0.025240384615384616 0.025240384615384616
0 0.5721153846153846 0.4423076923076923 0.037259615384615384 0.037259615384615384
0 0.546875 0.47836538461538464 0.025240384615384616 0.025240384615384616
0 0.33774038461538464 0.5096153846153846 0.03125 0.03125
0 0.171875 0.42788461538461536 0.0985576923076923 0.0985576923076923
0 0.12740384615384615 0.3798076923076923 0.020432692307692308 0.020432692307692308
0 0.10697115384615384 0.28725961538461536 0.042067307692307696 0.042067307692307696
0 0.06009615384615385 0.25600961538461536 0.05889423076923077 0.05889423076923077
0 0.21754807692307693 0.13942307692307693 0.018028846153846152 0.018028846153846152
0 0.11658653846153846 0.08052884615384616 0.016826923076923076 0.016826923076923076
0 0.4519230769230769 0.23197115384615385 0.016826923076923076 0.016826923076923076
0 0.41947115384615385 0.203125 0.020432692307692308 0.020432692307692308
0 0.42427884615384615 0.18389423076923078 0.018028846153846152 0.018028846153846152
0 0.04326923076923077 0.7295673076923077 0.038461538461538464 0.038461538461538464
0 0.01201923076923077 0.7896634615384616 0.02403846153846154 0.026442307692307692
0 0.0889423076923077 0.7199519230769231 0.025240384615384616 0.025240384615384616
0 0.08052884615384616 0.8737980769230769 0.15504807692307693 0.15504807692307693
0 0.11298076923076923 0.6646634615384616 0.17307692307692307 0.17307692307692307
0 0.20072115384615385 0.8509615384615384 0.11658653846153846 0.11658653846153846
0 0.2608173076923077 0.7247596153846154 0.10216346153846154 0.10216346153846154
0 0.28725961538461536 0.7572115384615384 0.030048076923076924 0.030048076923076924
0 0.31009615384615385 0.7019230769230769 0.021634615384615384 0.021634615384615384
0 0.3245192307692308 0.7139423076923077 0.021634615384615384 0.021634615384615384
0 0.35697115384615385 0.734375 0.05048076923076923 0.05048076923076923
0 0.20072115384615385 0.78125 0.021634615384615384 0.021634615384615384
0 0.16466346153846154 0.6682692307692307 0.018028846153846152 0.018028846153846152
0 0.21033653846153846 0.7223557692307693 0.016826923076923076 0.016826923076923076
0 0.18629807692307693 0.6177884615384616 0.018028846153846152 0.018028846153846152
0 0.20192307692307693 0.5865384615384616 0.020432692307692308 0.020432692307692308
0 0.1814903846153846 0.5096153846153846 0.025240384615384616 0.025240384615384616
0 0.4387019230769231 0.7391826923076923 0.021634615384615384 0.021634615384615384
0 0.4182692307692308 0.8341346153846154 0.08533653846153846 0.08533653846153846
0 0.43990384615384615 0.8870192307692307 0.03125 0.03125
0 0.39302884615384615 0.9603365384615384 0.025240384615384616 0.025240384615384616
0 0.34375 0.9254807692307693 0.018028846153846152 0.018028846153846152
0 0.38221153846153844 0.8786057692307693 0.020432692307692308 0.020432692307692308
0 0.33533653846153844 0.8641826923076923 0.025240384615384616 0.025240384615384616
0 0.28966346153846156 0.8774038461538461 0.028846153846153848 0.028846153846153848
0 0.24519230769230768 0.8497596153846154 0.018028846153846152 0.018028846153846152
0 0.36177884615384615 0.7704326923076923 0.016826923076923076 0.016826923076923076
0 0.140625 0.5 0.04807692307692308 0.04807692307692308
0 0.5228365384615384 0.8052884615384616 0.018028846153846152 0.018028846153846152
0 0.5012019230769231 0.8040865384615384 0.02283653846153846 0.02283653846153846
0 0.5757211538461539 0.8617788461538461 0.020432692307692308 0.020432692307692308
0 0.6382211538461539 0.9302884615384616 0.04326923076923077 0.04326923076923077
0 0.7487980769230769 0.8677884615384616 0.030048076923076924 0.030048076923076924
0 0.6802884615384616 0.8653846153846154 0.026442307692307692 0.026442307692307692
0 0.6322115384615384 0.8293269230769231 0.03125 0.03125
0 0.6105769230769231 0.8233173076923077 0.021634615384615384 0.021634615384615384
0 0.6682692307692307 0.765625 0.02283653846153846 0.02283653846153846
0 0.6394230769230769 0.7644230769230769 0.038461538461538464 0.038461538461538464
0 0.6081730769230769 0.7668269230769231 0.030048076923076924 0.030048076923076924
0 0.7596153846153846 0.8088942307692307 0.020432692307692308 0.020432692307692308
0 0.7692307692307693 0.7127403846153846 0.13341346153846154 0.13341346153846154
0 0.6935096153846154 0.6550480769230769 0.037259615384615384 0.037259615384615384
0 0.6634615384615384 0.6442307692307693 0.028846153846153848 0.028846153846153848
0 0.6526442307692307 0.6694711538461539 0.025240384615384616 0.025240384615384616
0 0.6262019230769231 0.6646634615384616 0.020432692307692308 0.020432692307692308
0 0.6105769230769231 0.5949519230769231 0.020432692307692308 0.020432692307692308
0 0.5961538461538461 0.6117788461538461 0.028846153846153848 0.028846153846153848
0 0.8197115384615384 0.5204326923076923 0.021634615384615384 0.021634615384615384
0 0.8161057692307693 0.5384615384615384 0.018028846153846152 0.018028846153846152
0 0.7692307692307693 0.5144230769230769 0.028846153846153848 0.028846153846153848
0 0.7379807692307693 0.5853365384615384 0.018028846153846152 0.018028846153846152
0 0.8221153846153846 0.6478365384615384 0.03485576923076923 0.03485576923076923
0 0.9170673076923077 0.4855769230769231 0.042067307692307696 0.042067307692307696
0 0.7740384615384616 0.4891826923076923 0.016826923076923076 0.016826923076923076
0 0.6370192307692307 0.5240384615384616 0.21995192307692307 0.21995192307692307
0 0.7055288461538461 0.41466346153846156 0.14302884615384615 0.14302884615384615
0 0.8377403846153846 0.44591346153846156 0.13701923076923078 0.13701923076923078
0 0.9447115384615384 0.421875 0.028846153846153848 0.028846153846153848
0 0.5612980769230769 0.5492788461538461 0.021634615384615384 0.021634615384615384
0 0.5444711538461539 0.6105769230769231 0.016826923076923076 0.016826923076923076
0 0.5985576923076923 0.65625 0.05048076923076923 0.05048076923076923
0 0.8173076923076923 0.8545673076923077 0.06009615384615385 0.06009615384615385
0 0.921875 0.8269230769230769 0.018028846153846152 0.018028846153846152
0 0.9050480769230769 0.7403846153846154 0.021634615384615384 0.021634615384615384
0 0.9459134615384616 0.7271634615384616 0.03365384615384615 0.03365384615384615
0 0.9507211538461539 0.7463942307692307 0.025240384615384616 0.025240384615384616
0 0.9254807692307693 0.7451923076923077 0.02283653846153846 0.02283653846153846
0 0.7247596153846154 0.8822115384615384 0.016826923076923076 0.016826923076923076
0 0.6959134615384616 0.9122596153846154 0.018028846153846152 0.018028846153846152
0 0.9507211538461539 0.6069711538461539 0.020432692307692308 0.020432692307692308
0 0.11057692307692307 0.640625 0.018028846153846152 0.018028846153846152
0 0.14302884615384615 0.6514423076923077 0.018028846153846152 0.018028846153846152
0 0.28846153846153844 0.4411057692307692 0.021634615384615384 0.021634615384615384
0 0.6658653846153846 0.7007211538461539 0.037259615384615384 0.037259615384615384
0 0.9747596153846154 0.4831730769230769 0.020432692307692308 0.020432692307692308