0 0.025240384615384616 0.020432692307692308 0.020432692307692308 0.020432692307692308
0 0.25721153846153844 0.11057692307692307 0.0829326923076923 0.0829326923076923
0 0.46634615384615385 0.10216346153846154 0.0829326923076923 0.0829326923076923
0 0.8786057692307693 0.0829326923076923 0.08052884615384616 0.08052884615384616
0 0.6213942307692307 0.20192307692307693 0.037259615384615384 0.037259615384615384
0 0.6009615384615384 0.28725961538461536 0.10697115384615384 0.10697115384615384
0 0.5348557692307693 0.43028846153846156 0.020432692307692308 0.020432692307692308
0 0.46634615384615385 0.6418269230769231 0.10697115384615384 0.10697115384615384
0 0.6430288461538461 0.6766826923076923 0.020432692307692308 0.020432692307692308
0 0.9338942307692307 0.4879807692307692 0.03485576923076923 0.03485576923076923
0 0.15384615384615385 0.1141826923076923 0.06610576923076923 0.06610576923076923
0 0.07572115384615384 0.08774038461538461 0.020432692307692308 0.020432692307692308
0 0.23076923076923078 0.2247596153846154 0.026442307692307692 0.026442307692307692
0 0.23317307692307693 0.24639423076923078 0.025240384615384616 0.025240384615384616
0 0.24278846153846154 0.2704326923076923 0.016826923076923076 0.016826923076923076
0 0.05889423076923077 0.8305288461538461 0.04326923076923077 0.04326923076923077
0 0.03125 0.8052884615384616 0.038461538461538464 0.038461538461538464
0 0.03485576923076923 0.6177884615384616 0.021634615384615384 0.021634615384615384
0 0.11538461538461539 0.6454326923076923 0.021634615384615384 0.021634615384615384
0 0.36538461538461536 0.5024038461538461 0.04807692307692308 0.04807692307692308
0 0.44471153846153844 0.78125 0.028846153846153848 0.028846153846153848
0 0.3870192307692308 0.7752403846153846 0.018028846153846152 0.018028846153846152
0 0.31850961538461536 0.8389423076923077 0.028846153846153848 0.028846153846153848
0 0.7908653846153846 0.9242788461538461 0.028846153846153848 0.028846153846153848
0 0.7680288461538461 0.9278846153846154 0.042067307692307696 0.042067307692307696
0 0.9423076923076923 0.6850961538461539 0.026442307692307692 0.026442307692307692
0 0.9206730769230769 0.6995192307692307 0.02283653846153846 0.02283653846153846
0 0.7295673076923077 0.9771634615384616 0.026442307692307692 0.026442307692307692
0 0.8137019230769231 0.6129807692307693 0.02283653846153846 0.02283653846153846