0 0.9399038461538461 0.2932692307692308 0.020432692307692308 0.020432692307692308
0 0.8545673076923077 0.38822115384615385 0.038461538461538464 0.038461538461538464
0 0.8461538461538461 0.20192307692307693 0.039663461538461536 0.039663461538461536
0 0.8617788461538461 0.17548076923076922 0.037259615384615384 0.037259615384615384
0 0.8701923076923077 0.0985576923076923 0.06850961538461539 0.06850961538461539
0 0.78125 0.24519230769230768 0.030048076923076924 0.030048076923076924
0 0.6778846153846154 0.28846153846153844 0.02283653846153846 0.02283653846153846
0 0.6778846153846154 0.3161057692307692 0.03125 0.03125
0 0.6322115384615384 0.4951923076923077 0.1201923076923077 0.1201923076923077
0 0.5288461538461539 0.5492788461538461 0.028846153846153848 0.028846153846153848
0 0.6983173076923077 0.27884615384615385 0.02283653846153846 0.02283653846153846
0 0.7319711538461539 0.16105769230769232 0.021634615384615384 0.021634615384615384
0 0.8245192307692307 0.17307692307692307 0.02283653846153846 0.02283653846153846
0 0.9603365384615384 0.02403846153846154 0.018028846153846152 0.018028846153846152
0 0.8786057692307693 0.028846153846153848 0.02283653846153846 0.02283653846153846
0 0.8221153846153846 0.019230769230769232 0.026442307692307692 0.026442307692307692
0 0.7379807692307693 0.042067307692307696 0.026442307692307692 0.026442307692307692
0 0.3125 0.078125 0.026442307692307692 0.026442307692307692
0 0.14302884615384615 0.40384615384615385 0.018028846153846152 0.018028846153846152
0 0.15384615384615385 0.5769230769230769 0.038461538461538464 0.038461538461538464
0 0.2620192307692308 0.6298076923076923 0.020432692307692308 0.020432692307692308
0 0.5733173076923077 0.8581730769230769 0.026442307692307692 0.026442307692307692
0 0.7355769230769231 0.9206730769230769 0.039663461538461536 0.039663461538461536
0 0.4579326923076923 0.7199519230769231 0.10216346153846154 0.10216346153846154
0 0.3629807692307692 0.6129807692307693 0.10216346153846154 0.10216346153846154
0 0.71875 0.5973557692307693 0.020432692307692308 0.020432692307692308
0 0.8473557692307693 0.6454326923076923 0.020432692307692308 0.020432692307692308
0 0.9182692307692307 0.5805288461538461 0.025240384615384616 0.025240384615384616
0 0.84375 0.7103365384615384 0.028846153846153848 0.028846153846153848
0 0.8305288461538461 0.8822115384615384 0.03365384615384615 0.03365384615384615
0 0.9326923076923077 0.7451923076923077 0.02283653846153846 0.02283653846153846
0 0.6165865384615384 0.7055288461538461 0.026442307692307692 0.026442307692307692
0 0.7463942307692307 0.6622596153846154 0.05048076923076923 0.05048076923076923
0 0.84375 0.9699519230769231 0.028846153846153848 0.028846153846153848
0 0.7103365384615384 0.8269230769230769 0.021634615384615384 0.021634615384615384
0 0.6971153846153846 0.8112980769230769 0.020432692307692308 0.020432692307692308
0 0.6923076923076923 0.8341346153846154 0.020432692307692308 0.020432692307692308
0 0.7836538461538461 0.028846153846153848 0.021634615384615384 0.021634615384615384
0 0.7608173076923077 0.039663461538461536 0.025240384615384616 0.025240384615384616
0 0.8365384615384616 0.052884615384615384 0.026442307692307692 0.026442307692307692
0 0.7355769230769231 0.18389423076923078 0.028846153846153848 0.028846153846153848
0 0.7211538461538461 0.2920673076923077 0.02283653846153846 0.02283653846153846
0 0.6394230769230769 0.6899038461538461 0.25841346153846156 0.25841346153846156
0 0.3786057692307692 0.7584134615384616 0.1045673076923077 0.1045673076923077