0 0.6021634615384616 0.7572115384615384 0.22355769230769232 0.22355769230769232
0 0.9519230769230769 0.125 0.03365384615384615 0.03365384615384615
0 0.7860576923076923 0.3125 0.025240384615384616 0.025240384615384616
0 0.7475961538461539 0.34615384615384615 0.055288461538461536 0.055288461538461536
0 0.7331730769230769 0.35216346153846156 0.018028846153846152 0.018028846153846152
0 0.6814903846153846 0.3545673076923077 0.026442307692307692 0.026442307692307692
0 0.8822115384615384 0.04807692307692308 0.03125 0.03125
0 0.9038461538461539 0.09254807692307693 0.025240384615384616 0.025240384615384616
0 0.7319711538461539 0.014423076923076924 0.018028846153846152 0.018028846153846152
0 0.6502403846153846 0.10216346153846154 0.02283653846153846 0.02283653846153846
0 0.7644230769230769 0.453125 0.020432692307692308 0.020432692307692308
0 0.7019230769230769 0.4230769230769231 0.020432692307692308 0.020432692307692308
0 0.6430288461538461 0.40865384615384615 0.018028846153846152 0.018028846153846152
0 0.6033653846153846 0.2644230769230769 0.09495192307692307 0.09495192307692307
0 0.5444711538461539 0.27403846153846156 0.018028846153846152 0.018028846153846152
0 0.5396634615384616 0.15625 0.016826923076923076 0.016826923076923076
0 0.4579326923076923 0.13581730769230768 0.020432692307692308 0.020432692307692308
0 0.453125 0.06129807692307692 0.08173076923076923 0.08173076923076923
0 0.6754807692307693 0.028846153846153848 0.026442307692307692 0.026442307692307692
0 0.5360576923076923 0.09495192307692307 0.03485576923076923 0.03485576923076923
0 0.5480769230769231 0.04927884615384615 0.026442307692307692 0.026442307692307692
0 0.5024038461538461 0.06850961538461539 0.018028846153846152 0.018028846153846152
0 0.7379807692307693 0.109375 0.018028846153846152 0.018028846153846152
0 0.23918269230769232 0.17307692307692307 0.021634615384615384 0.021634615384615384
0 0.2283653846153846 0.15144230769230768 0.02283653846153846 0.02283653846153846
0 0.2091346153846154 0.19951923076923078 0.020432692307692308 0.020432692307692308
0 0.2980769230769231 0.16346153846153846 0.025240384615384616 0.025240384615384616
0 0.28846153846153844 0.23557692307692307 0.020432692307692308 0.020432692307692308
0 0.33774038461538464 0.234375 0.018028846153846152 0.018028846153846152
0 0.3473557692307692 0.16706730769230768 0.018028846153846152 0.018028846153846152
0 0.44471153846153844 0.1875 0.30528846153846156 0.30528846153846156
0 0.34375 0.43990384615384615 0.05048076923076923 0.05048076923076923
0 0.2692307692307692 0.35697115384615385 0.046875 0.046875
0 0.2247596153846154 0.3449519230769231 0.03485576923076923 0.03485576923076923
0 0.2620192307692308 0.25961538461538464 0.026442307692307692 0.026442307692307692
0 0.25 0.41346153846153844 0.030048076923076924 0.030048076923076924
0 0.21634615384615385 0.44350961538461536 0.026442307692307692 0.026442307692307692
0 0.15865384615384615 0.38461538461538464 0.02283653846153846 0.02283653846153846
0 0.3449519230769231 0.33533653846153844 0.018028846153846152 0.018028846153846152
0 0.12980769230769232 0.3425480769230769 0.042067307692307696 0.042067307692307696
0 0.08774038461538461 0.4230769230769231 0.030048076923076924 0.030048076923076924
0 0.026442307692307692 0.4387019230769231 0.021634615384615384 0.021634615384615384
0 0.18028846153846154 0.10336538461538461 0.020432692307692308 0.020432692307692308
0 0.17307692307692307 0.09014423076923077 0.025240384615384616 0.025240384615384616
0 0.09495192307692307 0.13942307692307693 0.018028846153846152 0.018028846153846152
0 0.06971153846153846 0.07211538461538461 0.016826923076923076 0.016826923076923076
0 0.20192307692307693 0.0829326923076923 0.021634615384615384 0.021634615384615384
0 0.030048076923076924 0.8713942307692307 0.04326923076923077 0.04326923076923077
0 0.14903846153846154 0.9447115384615384 0.039663461538461536 0.039663461538461536
0 0.2548076923076923 0.8737980769230769 0.056490384615384616 0.056490384615384616
0 0.30649038461538464 0.8701923076923077 0.020432692307692308 0.020432692307692308
0 0.18389423076923078 0.9867788461538461 0.018028846153846152 0.018028846153846152
0 0.3112980769230769 0.8076923076923077 0.046875 0.046875
0 0.24158653846153846 0.7896634615384616 0.02283653846153846 0.02283653846153846
0 0.17548076923076922 0.7487980769230769 0.021634615384615384 0.021634615384615384
0 0.04927884615384615 0.7860576923076923 0.021634615384615384 0.021634615384615384
0 0.07932692307692307 0.8473557692307693 0.020432692307692308 0.020432692307692308
0 0.11778846153846154 0.7944711538461539 0.018028846153846152 0.018028846153846152
0 0.4098557692307692 0.9122596153846154 0.051682692307692304 0.051682692307692304
0 0.1045673076923077 0.4735576923076923 0.038461538461538464 0.038461538461538464
0 0.17548076923076922 0.4963942307692308 0.020432692307692308 0.020432692307692308
0 0.17307692307692307 0.4831730769230769 0.025240384615384616 0.025240384615384616
0 0.13942307692307693 0.4699519230769231 0.018028846153846152 0.018028846153846152
0 0.22716346153846154 0.6346153846153846 0.03485576923076923 0.03485576923076923
0 0.24639423076923078 0.6622596153846154 0.07451923076923077 0.07451923076923077
0 0.2644230769230769 0.5841346153846154 0.23557692307692307 0.23557692307692307
0 0.3016826923076923 0.6899038461538461 0.038461538461538464 0.038461538461538464
0 0.34975961538461536 0.6995192307692307 0.06370192307692307 0.06370192307692307
0 0.37740384615384615 0.8112980769230769 0.025240384615384616 0.025240384615384616
0 0.3870192307692308 0.6322115384615384 0.020432692307692308 0.020432692307692308
0 0.38221153846153844 0.6069711538461539 0.016826923076923076 0.016826923076923076
0 0.037259615384615384 0.90625 0.02283653846153846 0.02283653846153846
0 0.4951923076923077 0.90625 0.1346153846153846 0.1346153846153846
0 0.5612980769230769 0.6021634615384616 0.03365384615384615 0.03365384615384615
0 0.46875 0.7319711538461539 0.03485576923076923 0.03485576923076923
0 0.49759615384615385 0.6682692307692307 0.03125 0.03125
0 0.23798076923076922 0.49038461538461536 0.021634615384615384 0.021634615384615384
0 0.26802884615384615 0.45552884615384615 0.020432692307692308 0.020432692307692308
0 0.7211538461538461 0.6021634615384616 0.06490384615384616 0.06490384615384616
0 0.6442307692307693 0.5805288461538461 0.056490384615384616 0.056490384615384616
0 0.6442307692307693 0.6298076923076923 0.03365384615384615 0.03365384615384615
0 0.6670673076923077 0.5036057692307693 0.020432692307692308 0.020432692307692308
0 0.7403846153846154 0.5264423076923077 0.018028846153846152 0.018028846153846152
0 0.9146634615384616 0.6911057692307693 0.12860576923076922 0.12860576923076922
0 0.8088942307692307 0.7271634615384616 0.018028846153846152 0.018028846153846152
0 0.9495192307692307 0.49278846153846156 0.030048076923076924 0.030048076923076924
0 0.8629807692307693 0.7752403846153846 0.051682692307692304 0.051682692307692304
0 0.8425480769230769 0.7944711538461539 0.12379807692307693 0.12379807692307693
0 0.90625 0.7740384615384616 0.055288461538461536 0.055288461538461536
0 0.9002403846153846 0.8569711538461539 0.08052884615384616 0.08052884615384616
0 0.765625 0.7872596153846154 0.10817307692307693 0.10817307692307693
0 0.8221153846153846 0.8810096153846154 0.08774038461538461 0.08774038461538461
0 0.90625 0.9326923076923077 0.10697115384615384 0.10697115384615384
0 0.9747596153846154 0.9194711538461539 0.026442307692307692 0.026442307692307692
0 0.8257211538461539 0.34375 0.026442307692307692 0.026442307692307692
0 0.25841346153846156 0.5901442307692307 0.06490384615384616 0.06490384615384616
0 0.44711538461538464 0.6105769230769231 0.0733173076923077 0.0733173076923077
0 0.5600961538461539 0.6237980769230769 0.08173076923076923 0.08173076923076923
0 0.8569711538461539 0.5841346153846154 0.06610576923076923 0.06610576923076923