0 0.28125 0.5228365384615384 0.33533653846153844 0.33533653846153844
0 0.25721153846153844 0.020432692307692308 0.02283653846153846 0.02283653846153846
0 0.6862980769230769 0.06850961538461539 0.020432692307692308 0.020432692307692308
0 0.5805288461538461 0.21875 0.09975961538461539 0.09975961538461539
0 0.48197115384615385 0.20673076923076922 0.046875 0.046875
0 0.7536057692307693 0.13341346153846154 0.1622596153846154 0.1622596153846154
0 0.8966346153846154 0.039663461538461536 0.02283653846153846 0.02283653846153846
0 0.9735576923076923 0.4074519230769231 0.03125 0.03125
0 0.9447115384615384 0.39302884615384615 0.018028846153846152 0.018028846153846152
0 0.9338942307692307 0.5853365384615384 0.08533653846153846 0.08533653846153846
0 0.8894230769230769 0.6430288461538461 0.028846153846153848 0.028846153846153848
0 0.9483173076923077 0.7199519230769231 0.02283653846153846 0.02283653846153846
0 0.8786057692307693 0.30408653846153844 0.0733173076923077 0.0733173076923077
0 0.8954326923076923 0.46033653846153844 0.020432692307692308 0.020432692307692308
0 0.7836538461538461 0.24278846153846154 0.056490384615384616 0.056490384615384616
0 0.7572115384615384 0.26322115384615385 0.016826923076923076 0.016826923076923076
0 0.578125 0.3329326923076923 0.04447115384615385 0.04447115384615385
0 0.5144230769230769 0.35697115384615385 0.04807692307692308 0.04807692307692308
0 0.671875 0.5336538461538461 0.021634615384615384 0.021634615384615384
0 0.8197115384615384 0.5697115384615384 0.016826923076923076 0.016826923076923076
0 0.7139423076923077 0.5829326923076923 0.018028846153846152 0.018028846153846152
0 0.6382211538461539 0.5408653846153846 0.07451923076923077 0.07451923076923077
0 0.4891826923076923 0.59375 0.09495192307692307 0.09495192307692307
0 0.4855769230769231 0.6694711538461539 0.10336538461538461 0.10336538461538461
0 0.71875 0.6947115384615384 0.1466346153846154 0.1466346153846154
0 0.8305288461538461 0.5108173076923077 0.05889423076923077 0.05889423076923077
0 0.43149038461538464 0.23557692307692307 0.018028846153846152 0.018028846153846152
0 0.7487980769230769 0.3269230769230769 0.016826923076923076 0.016826923076923076
0 0.8509615384615384 0.265625 0.06850961538461539 0.06850961538461539
0 0.296875 0.47716346153846156 0.055288461538461536 0.055288461538461536
0 0.0889423076923077 0.17908653846153846 0.020432692307692308 0.020432692307692308
0 0.046875 0.06129807692307692 0.020432692307692308 0.020432692307692308
0 0.042067307692307696 0.21875 0.04326923076923077 0.04326923076923077
0 0.30288461538461536 0.7175480769230769 0.12980769230769232 0.12980769230769232
0 0.28725961538461536 0.75 0.02283653846153846 0.02283653846153846
0 0.039663461538461536 0.7127403846153846 0.018028846153846152 0.018028846153846152
0 0.046875 0.9326923076923077 0.03125 0.03125
0 0.12740384615384615 0.9206730769230769 0.06850961538461539 0.06850961538461539
0 0.08533653846153846 0.9170673076923077 0.051682692307692304 0.051682692307692304
0 0.18990384615384615 0.9699519230769231 0.018028846153846152 0.018028846153846152
0 0.24879807692307693 0.9771634615384616 0.018028846153846152 0.018028846153846152
0 0.20793269230769232 0.8689903846153846 0.03485576923076923 0.03485576923076923
0 0.3786057692307692 0.9759615384615384 0.018028846153846152 0.018028846153846152
0 0.5697115384615384 0.8377403846153846 0.018028846153846152 0.018028846153846152
0 0.5673076923076923 0.8569711538461539 0.021634615384615384 0.021634615384615384
0 0.5480769230769231 0.8966346153846154 0.016826923076923076 0.016826923076923076
0 0.6490384615384616 0.6418269230769231 0.016826923076923076 0.016826923076923076
0 0.6237980769230769 0.6706730769230769 0.052884615384615384 0.052884615384615384
0 0.8990384615384616 0.7944711538461539 0.020432692307692308 0.020432692307692308
0 0.8846153846153846 0.5745192307692307 0.04326923076923077 0.04326923076923077
0 0.8713942307692307 0.6129807692307693 0.04447115384615385 0.04447115384615385
0 0.9495192307692307 0.3425480769230769 0.03125 0.03125
0 0.9002403846153846 0.39783653846153844 0.03365384615384615 0.03365384615384615
0 0.4254807692307692 0.11057692307692307 0.037259615384615384 0.037259615384615384
0 0.24879807692307693 0.8641826923076923 0.039663461538461536 0.039663461538461536