0 0.9170673076923077 0.4206730769230769 0.02283653846153846 0.02283653846153846
0 0.7175480769230769 0.3137019230769231 0.018028846153846152 0.018028846153846152
0 0.6850961538461539 0.5516826923076923 0.028846153846153848 0.028846153846153848
0 0.6213942307692307 0.5252403846153846 0.016826923076923076 0.016826923076923076
0 0.6177884615384616 0.039663461538461536 0.026442307692307692 0.026442307692307692
0 0.6045673076923077 0.0673076923076923 0.038461538461538464 0.038461538461538464
0 0.5877403846153846 0.054086538461538464 0.030048076923076924 0.030048076923076924
0 0.6262019230769231 0.10817307692307693 0.02283653846153846 0.02283653846153846
0 0.38341346153846156 0.12139423076923077 0.018028846153846152 0.018028846153846152
0 0.12980769230769232 0.13942307692307693 0.026442307692307692 0.026442307692307692
0 0.11298076923076923 0.125 0.02283653846153846 0.02283653846153846
0 0.12259615384615384 0.11538461538461539 0.021634615384615384 0.021634615384615384
0 0.7355769230769231 0.15625 0.06009615384615385 0.06009615384615385
0 0.6310096153846154 0.06610576923076923 0.018028846153846152 0.018028846153846152
0 0.1201923076923077 0.6418269230769231 0.038461538461538464 0.038461538461538464
0 0.6334134615384616 0.6286057692307693 0.018028846153846152 0.018028846153846152
0 0.9819711538461539 0.9230769230769231 0.021634615384615384 0.021634615384615384
0 0.8557692307692307 0.890625 0.04326923076923077 0.04326923076923077