0 0.3581730769230769 0.3161057692307692 0.2764423076923077 0.2764423076923077
0 0.3317307692307692 0.7608173076923077 0.30288461538461536 0.30288461538461536
0 0.5432692307692307 0.1778846153846154 0.21153846153846154 0.21153846153846154
0 0.6274038461538461 0.5 0.22716346153846154 0.22716346153846154
0 0.9519230769230769 0.6117788461538461 0.020432692307692308 0.020432692307692308
0 0.9242788461538461 0.5625 0.02283653846153846 0.02283653846153846
0 0.9867788461538461 0.13942307692307693 0.018028846153846152 0.018028846153846152
0 0.9002403846153846 0.1141826923076923 0.03365384615384615 0.03365384615384615
0 0.9459134615384616 0.08653846153846154 0.018028846153846152 0.018028846153846152
0 0.8810096153846154 0.15865384615384615 0.025240384615384616 0.025240384615384616
0 0.8713942307692307 0.18629807692307693 0.038461538461538464 0.038461538461538464
0 0.8846153846153846 0.25721153846153844 0.020432692307692308 0.020432692307692308
0 0.96875 0.45552884615384615 0.03125 0.03125
0 0.8221153846153846 0.47115384615384615 0.03485576923076923 0.03485576923076923
0 0.78125 0.34375 0.021634615384615384 0.021634615384615384
0 0.8269230769230769 0.3088942307692308 0.020432692307692308 0.020432692307692308
0 0.8545673076923077 0.39783653846153844 0.020432692307692308 0.020432692307692308
0 0.7728365384615384 0.43028846153846156 0.11658653846153846 0.11658653846153846
0 0.5961538461538461 0.30288461538461536 0.15504807692307693 0.15504807692307693
0 0.5564903846153846 0.3737980769230769 0.016826923076923076 0.016826923076923076
0 0.5228365384615384 0.4362980769230769 0.039663461538461536 0.039663461538461536
0 0.4879807692307692 0.4987980769230769 0.03485576923076923 0.03485576923076923
0 0.5204326923076923 0.53125 0.028846153846153848 0.028846153846153848
0 0.5264423076923077 0.5504807692307693 0.02283653846153846 0.02283653846153846
0 0.6189903846153846 0.49399038461538464 0.025240384615384616 0.025240384615384616
0 0.5949519230769231 0.09615384615384616 0.016826923076923076 0.016826923076923076
0 0.6730769230769231 0.036057692307692304 0.020432692307692308 0.020432692307692308
0 0.5252403846153846 0.051682692307692304 0.021634615384615384 0.021634615384615384
0 0.40384615384615385 0.09735576923076923 0.030048076923076924 0.030048076923076924
0 0.4026442307692308 0.16947115384615385 0.021634615384615384 0.021634615384615384
0 0.4170673076923077 0.13701923076923078 0.06490384615384616 0.06490384615384616
0 0.34134615384615385 0.05048076923076923 0.030048076923076924 0.030048076923076924
0 0.27524038461538464 0.051682692307692304 0.02283653846153846 0.02283653846153846
0 0.5504807692307693 0.04447115384615385 0.016826923076923076 0.016826923076923076
0 0.5348557692307693 0.03125 0.018028846153846152 0.018028846153846152
0 0.33413461538461536 0.3557692307692308 0.07211538461538461 0.07211538461538461
0 0.23076923076923078 0.5024038461538461 0.039663461538461536 0.039663461538461536
0 0.21754807692307693 0.4831730769230769 0.02283653846153846 0.02283653846153846
0 0.18870192307692307 0.6069711538461539 0.06971153846153846 0.06971153846153846
0 0.15625 0.5901442307692307 0.06850961538461539 0.06850961538461539
0 0.07692307692307693 0.6418269230769231 0.02283653846153846 0.02283653846153846
0 0.025240384615384616 0.6177884615384616 0.025240384615384616 0.025240384615384616
0 0.020432692307692308 0.36538461538461536 0.039663461538461536 0.039663461538461536
0 0.19110576923076922 0.31971153846153844 0.02283653846153846 0.02283653846153846
0 0.14302884615384615 0.4675480769230769 0.2644230769230769 0.2644230769230769
0 0.23798076923076922 0.8004807692307693 0.042067307692307696 0.042067307692307696
0 0.2247596153846154 0.7271634615384616 0.03125 0.03125
0 0.3737980769230769 0.5504807692307693 0.020432692307692308 0.020432692307692308
0 0.26322115384615385 0.5492788461538461 0.03125 0.03125
0 0.13942307692307693 0.0673076923076923 0.021634615384615384 0.021634615384615384
0 0.20552884615384615 0.25721153846153844 0.018028846153846152 0.018028846153846152
0 0.1502403846153846 0.2764423076923077 0.06490384615384616 0.06490384615384616
0 0.0889423076923077 0.20072115384615385 0.09495192307692307 0.09495192307692307
0 0.05889423076923077 0.8064903846153846 0.030048076923076924 0.030048076923076924
0 0.09134615384615384 0.7379807692307693 0.05889423076923077 0.05889423076923077
0 0.051682692307692304 0.6682692307692307 0.04447115384615385 0.04447115384615385
0 0.11057692307692307 0.6947115384615384 0.030048076923076924 0.030048076923076924
0 0.08774038461538461 0.8088942307692307 0.13701923076923078 0.13701923076923078
0 0.030048076923076924 0.8353365384615384 0.025240384615384616 0.025240384615384616
0 0.13701923076923078 0.8197115384615384 0.02283653846153846 0.02283653846153846
0 0.12259615384615384 0.8413461538461539 0.02283653846153846 0.02283653846153846
0 0.15504807692307693 0.8653846153846154 0.021634615384615384 0.021634615384615384
0 0.23317307692307693 0.9675480769230769 0.020432692307692308 0.020432692307692308
0 0.16466346153846154 0.9591346153846154 0.04447115384615385 0.04447115384615385
0 0.27283653846153844 0.8786057692307693 0.04447115384615385 0.04447115384615385
0 0.5144230769230769 0.6213942307692307 0.03485576923076923 0.03485576923076923
0 0.5372596153846154 0.5793269230769231 0.052884615384615384 0.052884615384615384
0 0.5456730769230769 0.625 0.030048076923076924 0.030048076923076924
0 0.5384615384615384 0.6430288461538461 0.02283653846153846 0.02283653846153846
0 0.5925480769230769 0.6105769230769231 0.037259615384615384 0.037259615384615384
0 0.6274038461538461 0.5829326923076923 0.042067307692307696 0.042067307692307696
0 0.6947115384615384 0.6322115384615384 0.03485576923076923 0.03485576923076923
0 0.6213942307692307 0.6334134615384616 0.025240384615384616 0.025240384615384616
0 0.5685096153846154 0.6947115384615384 0.03365384615384615 0.03365384615384615
0 0.5576923076923077 0.7235576923076923 0.030048076923076924 0.030048076923076924
0 0.5288461538461539 0.7596153846153846 0.030048076923076924 0.030048076923076924
0 0.4543269230769231 0.6778846153846154 0.028846153846153848 0.028846153846153848
0 0.5949519230769231 0.8245192307692307 0.021634615384615384 0.021634615384615384
0 0.7067307692307693 0.8112980769230769 0.020432692307692308 0.020432692307692308
0 0.5985576923076923 0.7776442307692307 0.021634615384615384 0.021634615384615384
0 0.6298076923076923 0.7175480769230769 0.018028846153846152 0.018028846153846152
0 0.6862980769230769 0.6947115384615384 0.09495192307692307 0.09495192307692307
0 0.7620192307692307 0.7079326923076923 0.06971153846153846 0.06971153846153846
0 0.8137019230769231 0.7548076923076923 0.08533653846153846 0.08533653846153846
0 0.8040865384615384 0.8149038461538461 0.021634615384615384 0.021634615384615384
0 0.8209134615384616 0.8197115384615384 0.042067307692307696 0.042067307692307696
0 0.7163461538461539 0.8365384615384616 0.020432692307692308 0.020432692307692308
0 0.6947115384615384 0.8449519230769231 0.020432692307692308 0.020432692307692308
0 0.5637019230769231 0.8954326923076923 0.026442307692307692 0.026442307692307692
0 0.5612980769230769 0.9867788461538461 0.025240384615384616 0.025240384615384616
0 0.7331730769230769 0.9471153846153846 0.021634615384615384 0.021634615384615384
0 0.7463942307692307 0.9555288461538461 0.026442307692307692 0.026442307692307692
0 0.4987980769230769 0.7199519230769231 0.03365384615384615 0.03365384615384615
0 0.4963942307692308 0.6875 0.021634615384615384 0.021634615384615384
0 0.8257211538461539 0.6418269230769231 0.021634615384615384 0.021634615384615384
0 0.8161057692307693 0.5564903846153846 0.021634615384615384 0.021634615384615384
0 0.8076923076923077 0.9819711538461539 0.025240384615384616 0.025240384615384616
0 0.8521634615384616 0.9002403846153846 0.021634615384615384 0.021634615384615384
0 0.47115384615384615 0.0829326923076923 0.08533653846153846 0.08533653846153846
0 0.234375 0.2127403846153846 0.06850961538461539 0.06850961538461539
0 0.3954326923076923 0.7716346153846154 0.020432692307692308 0.020432692307692308
0 0.6670673076923077 0.8221153846153846 0.21995192307692307 0.21995192307692307