0 0.07091346153846154 0.01201923076923077 0.021634615384615384 0.021634615384615384
0 0.9795673076923077 0.4254807692307692 0.02283653846153846 0.02283653846153846
0 0.9579326923076923 0.5228365384615384 0.02283653846153846 0.02283653846153846
0 0.9362980769230769 0.45552884615384615 0.018028846153846152 0.018028846153846152
0 0.9134615384615384 0.4495192307692308 0.025240384615384616 0.025240384615384616
0 0.78125 0.38100961538461536 0.20192307692307693 0.20192307692307693
0 0.6189903846153846 0.5396634615384616 0.04447115384615385 0.04447115384615385
0 0.39302884615384615 0.390625 0.018028846153846152 0.018028846153846152
0 0.36538461538461536 0.32572115384615385 0.037259615384615384 0.037259615384615384
0 0.3894230769230769 0.5036057692307693 0.021634615384615384 0.021634615384615384
0 0.3317307692307692 0.49399038461538464 0.02283653846153846 0.02283653846153846
0 0.21514423076923078 0.4735576923076923 0.025240384615384616 0.025240384615384616
0 0.2512019230769231 0.2403846153846154 0.078125 0.078125
0 0.5372596153846154 0.3004807692307692 0.10697115384615384 0.10697115384615384
0 0.6610576923076923 0.3293269230769231 0.23557692307692307 0.23557692307692307
0 0.47836538461538464 0.453125 0.20552884615384615 0.20552884615384615
0 0.15384615384615385 0.3173076923076923 0.13942307692307693 0.13942307692307693
0 0.12379807692307693 0.40024038461538464 0.1778846153846154 0.1778846153846154
0 0.021634615384615384 0.28125 0.03485576923076923 0.03485576923076923
0 0.07211538461538461 0.5252403846153846 0.038461538461538464 0.038461538461538464
0 0.08413461538461539 0.5504807692307693 0.042067307692307696 0.042067307692307696
0 0.0829326923076923 0.84375 0.030048076923076924 0.030048076923076924
0 0.06971153846153846 0.5889423076923077 0.038461538461538464 0.038461538461538464
0 0.055288461538461536 0.6334134615384616 0.04326923076923077 0.04326923076923077
0 0.1658653846153846 0.6814903846153846 0.018028846153846152 0.018028846153846152
0 0.09134615384615384 0.7163461538461539 0.020432692307692308 0.020432692307692308
0 0.36538461538461536 0.8545673076923077 0.037259615384615384 0.037259615384615384
0 0.38461538461538464 0.9122596153846154 0.05048076923076923 0.05048076923076923
0 0.4230769230769231 0.9603365384615384 0.07211538461538461 0.07211538461538461
0 0.4110576923076923 0.6899038461538461 0.020432692307692308 0.020432692307692308
0 0.46033653846153844 0.8161057692307693 0.018028846153846152 0.018028846153846152
0 0.6418269230769231 0.9002403846153846 0.030048076923076924 0.030048076923076924
0 0.6454326923076923 0.71875 0.025240384615384616 0.025240384615384616
0 0.31009615384615385 0.8221153846153846 0.025240384615384616 0.025240384615384616
0 0.5432692307692307 0.6646634615384616 0.025240384615384616 0.025240384615384616
0 0.5745192307692307 0.5841346153846154 0.02283653846153846 0.02283653846153846
0 0.6634615384615384 0.6358173076923077 0.03125 0.03125
0 0.6754807692307693 0.7235576923076923 0.03125 0.03125
0 0.6995192307692307 0.7391826923076923 0.02283653846153846 0.02283653846153846
0 0.7319711538461539 0.7860576923076923 0.10697115384615384 0.10697115384615384
0 0.6971153846153846 0.7728365384615384 0.020432692307692308 0.020432692307692308
0 0.7055288461538461 0.6862980769230769 0.13221153846153846 0.13221153846153846
0 0.7427884615384616 0.6153846153846154 0.037259615384615384 0.037259615384615384
0 0.7103365384615384 0.6225961538461539 0.025240384615384616 0.025240384615384616
0 0.6514423076923077 0.5769230769230769 0.018028846153846152 0.018028846153846152
0 0.6850961538461539 0.6153846153846154 0.02283653846153846 0.02283653846153846
0 0.453125 0.8894230769230769 0.016826923076923076 0.016826923076923076
0 0.6346153846153846 0.9723557692307693 0.016826923076923076 0.016826923076923076
0 0.8521634615384616 0.7463942307692307 0.15144230769230768 0.15144230769230768
0 0.9362980769230769 0.7019230769230769 0.06610576923076923 0.06610576923076923
0 0.9663461538461539 0.8497596153846154 0.018028846153846152 0.018028846153846152
0 0.43509615384615385 0.20072115384615385 0.028846153846153848 0.028846153846153848
0 0.4387019230769231 0.4098557692307692 0.026442307692307692 0.026442307692307692
0 0.18629807692307693 0.5480769230769231 0.15144230769230768 0.15144230769230768