0 0.9278846153846154 0.8233173076923077 0.028846153846153848 0.028846153846153848
0 0.96875 0.7632211538461539 0.030048076923076924 0.030048076923076924
0 0.96875 0.15865384615384615 0.051682692307692304 0.051682692307692304
0 0.9254807692307693 0.26802884615384615 0.04447115384615385 0.04447115384615385
0 0.8088942307692307 0.4014423076923077 0.03485576923076923 0.03485576923076923
0 0.8305288461538461 0.4495192307692308 0.051682692307692304 0.051682692307692304
0 0.7896634615384616 0.45552884615384615 0.052884615384615384 0.052884615384615384
0 0.7331730769230769 0.5264423076923077 0.0733173076923077 0.0733173076923077
0 0.8725961538461539 0.5180288461538461 0.06490384615384616 0.06490384615384616
0 0.8569711538461539 0.13822115384615385 0.03365384615384615 0.03365384615384615
0 0.9230769230769231 0.08052884615384616 0.018028846153846152 0.018028846153846152
0 0.7956730769230769 0.07572115384615384 0.052884615384615384 0.052884615384615384
0 0.8569711538461539 0.09975961538461539 0.03125 0.03125
0 0.6887019230769231 0.12259615384615384 0.04326923076923077 0.04326923076923077
0 0.609375 0.09735576923076923 0.025240384615384616 0.025240384615384616
0 0.6382211538461539 0.15625 0.037259615384615384 0.037259615384615384
0 0.6430288461538461 0.19471153846153846 0.07211538461538461 0.07211538461538461
0 0.78125 0.31971153846153844 0.021634615384615384 0.021634615384615384
0 0.7512019230769231 0.33052884615384615 0.020432692307692308 0.020432692307692308
0 0.6502403846153846 0.4074519230769231 0.018028846153846152 0.018028846153846152
0 0.6454326923076923 0.4230769230769231 0.021634615384615384 0.021634615384615384
0 0.5372596153846154 0.34375 0.016826923076923076 0.016826923076923076
0 0.6923076923076923 0.29927884615384615 0.26322115384615385 0.26322115384615385
0 0.7644230769230769 0.41346153846153844 0.030048076923076924 0.030048076923076924
0 0.45552884615384615 0.5612980769230769 0.018028846153846152 0.018028846153846152
0 0.4411057692307692 0.4206730769230769 0.020432692307692308 0.020432692307692308
0 0.40024038461538464 0.3870192307692308 0.08052884615384616 0.08052884615384616
0 0.453125 0.30288461538461536 0.016826923076923076 0.016826923076923076
0 0.3605769230769231 0.44711538461538464 0.0733173076923077 0.0733173076923077
0 0.31490384615384615 0.5396634615384616 0.020432692307692308 0.020432692307692308
0 0.1466346153846154 0.4855769230769231 0.030048076923076924 0.030048076923076924
0 0.2920673076923077 0.14302884615384615 0.02283653846153846 0.02283653846153846
0 0.33052884615384615 0.036057692307692304 0.052884615384615384 0.052884615384615384
0 0.14423076923076922 0.015625 0.026442307692307692 0.026442307692307692
0 0.5432692307692307 0.17908653846153846 0.018028846153846152 0.018028846153846152
0 0.3870192307692308 0.013221153846153846 0.016826923076923076 0.016826923076923076
0 0.23918269230769232 0.9459134615384616 0.016826923076923076 0.016826923076923076
0 0.3016826923076923 0.9230769230769231 0.03125 0.03125
0 0.31971153846153844 0.7548076923076923 0.042067307692307696 0.042067307692307696
0 0.19951923076923078 0.6310096153846154 0.026442307692307692 0.026442307692307692
0 0.1502403846153846 0.6502403846153846 0.020432692307692308 0.020432692307692308
0 0.2536057692307692 0.9603365384615384 0.016826923076923076 0.016826923076923076
0 0.4807692307692308 0.8786057692307693 0.04447115384615385 0.04447115384615385
0 0.4951923076923077 0.9254807692307693 0.11177884615384616 0.11177884615384616
0 0.59375 0.9555288461538461 0.030048076923076924 0.030048076923076924
0 0.38221153846153844 0.7247596153846154 0.020432692307692308 0.020432692307692308
0 0.08533653846153846 0.609375 0.03125 0.03125
0 0.36538461538461536 0.625 0.025240384615384616 0.025240384615384616
0 0.3605769230769231 0.6394230769230769 0.018028846153846152 0.018028846153846152
0 0.2932692307692308 0.5961538461538461 0.018028846153846152 0.018028846153846152
0 0.24879807692307693 0.5721153846153846 0.020432692307692308 0.020432692307692308
0 0.23557692307692307 0.5853365384615384 0.018028846153846152 0.018028846153846152
0 0.5240384615384616 0.5721153846153846 0.018028846153846152 0.018028846153846152
0 0.6658653846153846 0.6995192307692307 0.056490384615384616 0.056490384615384616
0 0.7980769230769231 0.5985576923076923 0.016826923076923076 0.016826923076923076
0 0.7680288461538461 0.6875 0.030048076923076924 0.030048076923076924
0 0.7800480769230769 0.71875 0.03125 0.03125
0 0.7680288461538461 0.6574519230769231 0.021634615384615384 0.021634615384615384
0 0.7487980769230769 0.78125 0.04807692307692308 0.04807692307692308
0 0.6814903846153846 0.7788461538461539 0.030048076923076924 0.030048076923076924
0 0.5649038461538461 0.7932692307692307 0.020432692307692308 0.020432692307692308
0 0.5997596153846154 0.8822115384615384 0.06370192307692307 0.06370192307692307
0 0.6971153846153846 0.8966346153846154 0.021634615384615384 0.021634615384615384
0 0.765625 0.9194711538461539 0.0733173076923077 0.0733173076923077
0 0.7644230769230769 0.9771634615384616 0.026442307692307692 0.026442307692307692
0 0.8112980769230769 0.6213942307692307 0.021634615384615384 0.021634615384615384
0 0.8509615384615384 0.6538461538461539 0.02283653846153846 0.02283653846153846
0 0.8725961538461539 0.5961538461538461 0.06610576923076923 0.06610576923076923
0 0.8930288461538461 0.7295673076923077 0.042067307692307696 0.042067307692307696
0 0.8786057692307693 0.765625 0.04326923076923077 0.04326923076923077
0 0.8810096153846154 0.8028846153846154 0.025240384615384616 0.025240384615384616
0 0.8822115384615384 0.8269230769230769 0.020432692307692308 0.020432692307692308
0 0.9086538461538461 0.8521634615384616 0.028846153846153848 0.028846153846153848
0 0.8545673076923077 0.84375 0.030048076923076924 0.030048076923076924
0 0.7704326923076923 0.859375 0.026442307692307692 0.026442307692307692
0 0.8197115384615384 0.9146634615384616 0.020432692307692308 0.020432692307692308
0 0.8737980769230769 0.96875 0.028846153846153848 0.028846153846153848
0 0.8942307692307693 0.9771634615384616 0.020432692307692308 0.020432692307692308
0 0.9038461538461539 0.9471153846153846 0.021634615384615384 0.021634615384615384
0 0.8401442307692307 0.9362980769230769 0.0733173076923077 0.0733173076923077
0 0.9735576923076923 0.9278846153846154 0.046875 0.046875
0 0.5949519230769231 0.23076923076923078 0.025240384615384616 0.025240384615384616
0 0.025240384615384616 0.5432692307692307 0.025240384615384616 0.025240384615384616