0 0.7536057692307693 0.02283653846153846 0.028846153846153848 0.028846153846153848
0 0.9771634615384616 0.25721153846153844 0.026442307692307692 0.026442307692307692
0 0.9326923076923077 0.47475961538461536 0.018028846153846152 0.018028846153846152
0 0.8762019230769231 0.46875 0.046875 0.046875
0 0.953125 0.38221153846153844 0.030048076923076924 0.030048076923076924
0 0.953125 0.09975961538461539 0.042067307692307696 0.042067307692307696
0 0.7572115384615384 0.1778846153846154 0.042067307692307696 0.042067307692307696
0 0.8064903846153846 0.2920673076923077 0.025240384615384616 0.025240384615384616
0 0.6586538461538461 0.30528846153846156 0.037259615384615384 0.037259615384615384
0 0.6370192307692307 0.21153846153846154 0.037259615384615384 0.037259615384615384
0 0.7848557692307693 0.3701923076923077 0.4254807692307692 0.4254807692307692
0 0.6069711538461539 0.3485576923076923 0.07211538461538461 0.07211538461538461
0 0.8112980769230769 0.21514423076923078 0.12139423076923077 0.12139423076923077
0 0.7163461538461539 0.20793269230769232 0.06850961538461539 0.06850961538461539
0 0.46634615384615385 0.34975961538461536 0.03125 0.03125
0 0.53125 0.3269230769230769 0.09615384615384616 0.09615384615384616
0 0.7043269230769231 0.11778846153846154 0.03485576923076923 0.03485576923076923
0 0.6706730769230769 0.052884615384615384 0.055288461538461536 0.055288461538461536
0 0.5132211538461539 0.10697115384615384 0.025240384615384616 0.025240384615384616
0 0.5757211538461539 0.08533653846153846 0.08774038461538461 0.08774038461538461
0 0.59375 0.19110576923076922 0.018028846153846152 0.018028846153846152
0 0.5721153846153846 0.19110576923076922 0.02283653846153846 0.02283653846153846
0 0.5552884615384616 0.30288461538461536 0.021634615384615384 0.021634615384615384
0 0.5516826923076923 0.31971153846153844 0.018028846153846152 0.018028846153846152
0 0.5180288461538461 0.47475961538461536 0.052884615384615384 0.052884615384615384
0 0.44711538461538464 0.5252403846153846 0.07692307692307693 0.07692307692307693
0 0.38221153846153844 0.10576923076923077 0.037259615384615384 0.037259615384615384
0 0.32211538461538464 0.171875 0.03365384615384615 0.03365384615384615
0 0.16105769230769232 0.12620192307692307 0.03125 0.03125
0 0.09014423076923077 0.10216346153846154 0.025240384615384616 0.025240384615384616
0 0.04447115384615385 0.17908653846153846 0.018028846153846152 0.018028846153846152
0 0.09375 0.24158653846153846 0.02283653846153846 0.02283653846153846
0 0.21634615384615385 0.1778846153846154 0.021634615384615384 0.021634615384615384
0 0.21394230769230768 0.3161057692307692 0.02283653846153846 0.02283653846153846
0 0.2956730769230769 0.5552884615384616 0.021634615384615384 0.021634615384615384
0 0.06129807692307692 0.32572115384615385 0.10216346153846154 0.10216346153846154
0 0.140625 0.02283653846153846 0.030048076923076924 0.030048076923076924
0 0.22716346153846154 0.09134615384615384 0.03125 0.03125
0 0.06971153846153846 0.9278846153846154 0.026442307692307692 0.026442307692307692
0 0.04807692307692308 0.9591346153846154 0.021634615384615384 0.021634615384615384
0 0.22235576923076922 0.9651442307692307 0.026442307692307692 0.026442307692307692
0 0.28125 0.9314903846153846 0.021634615384615384 0.021634615384615384
0 0.3076923076923077 0.9579326923076923 0.028846153846153848 0.028846153846153848
0 0.3245192307692308 0.9387019230769231 0.020432692307692308 0.020432692307692308
0 0.15625 0.7367788461538461 0.02283653846153846 0.02283653846153846
0 0.19110576923076922 0.7319711538461539 0.021634615384615384 0.021634615384615384
0 0.20432692307692307 0.6850961538461539 0.016826923076923076 0.016826923076923076
0 0.32211538461538464 0.6754807692307693 0.055288461538461536 0.055288461538461536
0 0.25961538461538464 0.7512019230769231 0.03125 0.03125
0 0.2512019230769231 0.8016826923076923 0.020432692307692308 0.020432692307692308
0 0.5444711538461539 0.8894230769230769 0.05889423076923077 0.05889423076923077
0 0.5612980769230769 0.8413461538461539 0.05048076923076923 0.05048076923076923
0 0.6334134615384616 0.7716346153846154 0.020432692307692308 0.020432692307692308
0 0.6622596153846154 0.7596153846153846 0.020432692307692308 0.020432692307692308
0 0.7079326923076923 0.6862980769230769 0.021634615384615384 0.021634615384615384
0 0.5288461538461539 0.6971153846153846 0.018028846153846152 0.018028846153846152
0 0.4254807692307692 0.6045673076923077 0.06490384615384616 0.06490384615384616
0 0.4483173076923077 0.6814903846153846 0.02283653846153846 0.02283653846153846
0 0.45552884615384615 0.8004807692307693 0.11177884615384616 0.11177884615384616
0 0.4543269230769231 0.8569711538461539 0.03125 0.03125
0 0.49038461538461536 0.8978365384615384 0.056490384615384616 0.056490384615384616
0 0.5685096153846154 0.9471153846153846 0.05048076923076923 0.05048076923076923
0 0.6418269230769231 0.9254807692307693 0.038461538461538464 0.038461538461538464
0 0.6802884615384616 0.8954326923076923 0.021634615384615384 0.021634615384615384
0 0.41947115384615385 0.7211538461538461 0.039663461538461536 0.039663461538461536
0 0.5588942307692307 0.7992788461538461 0.021634615384615384 0.021634615384615384
0 0.4495192307692308 0.9314903846153846 0.04447115384615385 0.04447115384615385
0 0.7644230769230769 0.06370192307692307 0.016826923076923076 0.016826923076923076
0 0.8449519230769231 0.10817307692307693 0.037259615384615384 0.037259615384615384
0 0.5745192307692307 0.09975961538461539 0.028846153846153848 0.028846153846153848
0 0.042067307692307696 0.33533653846153844 0.021634615384615384 0.021634615384615384
0 0.7487980769230769 0.7127403846153846 0.051682692307692304 0.051682692307692304