0 0.6598557692307693 0.11298076923076923 0.038461538461538464 0.038461538461538464
0 0.6045673076923077 0.052884615384615384 0.020432692307692308 0.020432692307692308
0 0.5697115384615384 0.29086538461538464 0.025240384615384616 0.025240384615384616
0 0.45913461538461536 0.38341346153846156 0.038461538461538464 0.038461538461538464
0 0.7836538461538461 0.5637019230769231 0.021634615384615384 0.021634615384615384
0 0.7932692307692307 0.546875 0.03485576923076923 0.03485576923076923
0 0.6370192307692307 0.40865384615384615 0.03365384615384615 0.03365384615384615
0 0.5769230769230769 0.42427884615384615 0.016826923076923076 0.016826923076923076
0 0.5 0.2536057692307692 0.025240384615384616 0.025240384615384616
0 0.4795673076923077 0.21875 0.020432692307692308 0.020432692307692308
0 0.4098557692307692 0.2548076923076923 0.025240384615384616 0.025240384615384616
0 0.3786057692307692 0.3425480769230769 0.020432692307692308 0.020432692307692308
0 0.32572115384615385 0.33533653846153844 0.018028846153846152 0.018028846153846152
0 0.3088942307692308 0.3269230769230769 0.026442307692307692 0.026442307692307692
0 0.8701923076923077 0.33413461538461536 0.0985576923076923 0.0985576923076923
0 0.4855769230769231 0.5637019230769231 0.020432692307692308 0.020432692307692308
0 0.25240384615384615 0.3125 0.020432692307692308 0.020432692307692308
0 0.21754807692307693 0.34615384615384615 0.030048076923076924 0.030048076923076924
0 0.2439903846153846 0.33533653846153844 0.021634615384615384 0.021634615384615384
0 0.2548076923076923 0.3701923076923077 0.020432692307692308 0.020432692307692308
0 0.28966346153846156 0.2980769230769231 0.10336538461538461 0.10336538461538461
0 0.5637019230769231 0.22115384615384615 0.020432692307692308 0.020432692307692308
0 0.28365384615384615 0.16466346153846154 0.028846153846153848 0.028846153846153848
0 0.2692307692307692 0.17548076923076922 0.025240384615384616 0.025240384615384616
0 0.20673076923076922 0.17548076923076922 0.025240384615384616 0.025240384615384616
0 0.12620192307692307 0.17307692307692307 0.021634615384615384 0.021634615384615384
0 0.06850961538461539 0.2536057692307692 0.025240384615384616 0.025240384615384616
0 0.12740384615384615 0.25 0.037259615384615384 0.037259615384615384
0 0.10817307692307693 0.33413461538461536 0.15985576923076922 0.15985576923076922
0 0.11177884615384616 0.40625 0.020432692307692308 0.020432692307692308
0 0.17427884615384615 0.4074519230769231 0.028846153846153848 0.028846153846153848
0 0.046875 0.45552884615384615 0.026442307692307692 0.026442307692307692
0 0.03485576923076923 0.5300480769230769 0.025240384615384616 0.025240384615384616
0 0.09615384615384616 0.13221153846153846 0.02283653846153846 0.02283653846153846
0 0.20192307692307693 0.025240384615384616 0.028846153846153848 0.028846153846153848
0 0.3317307692307692 0.15144230769230768 0.020432692307692308 0.020432692307692308
0 0.019230769230769232 0.35096153846153844 0.016826923076923076 0.016826923076923076
0 0.06129807692307692 0.5697115384615384 0.03125 0.03125
0 0.21634615384615385 0.9254807692307693 0.018028846153846152 0.018028846153846152
0 0.039663461538461536 0.9146634615384616 0.04447115384615385 0.04447115384615385
0 0.06490384615384616 0.9278846153846154 0.038461538461538464 0.038461538461538464
0 0.07091346153846154 0.8629807692307693 0.039663461538461536 0.039663461538461536
0 0.0985576923076923 0.8161057692307693 0.03125 0.03125
0 0.08173076923076923 0.7980769230769231 0.02283653846153846 0.02283653846153846
0 0.0889423076923077 0.6646634615384616 0.020432692307692308 0.020432692307692308
0 0.10096153846153846 0.5889423076923077 0.03365384615384615 0.03365384615384615
0 0.13942307692307693 0.5745192307692307 0.026442307692307692 0.026442307692307692
0 0.1658653846153846 0.5949519230769231 0.055288461538461536 0.055288461538461536
0 0.1622596153846154 0.6286057692307693 0.021634615384615384 0.021634615384615384
0 0.22115384615384615 0.6274038461538461 0.052884615384615384 0.052884615384615384
0 0.14543269230769232 0.71875 0.16826923076923078 0.16826923076923078
0 0.20072115384615385 0.8329326923076923 0.026442307692307692 0.026442307692307692
0 0.1346153846153846 0.8305288461538461 0.016826923076923076 0.016826923076923076
0 0.2283653846153846 0.8545673076923077 0.03365384615384615 0.03365384615384615
0 0.2980769230769231 0.8870192307692307 0.05889423076923077 0.05889423076923077
0 0.31971153846153844 0.8149038461538461 0.03485576923076923 0.03485576923076923
0 0.33533653846153844 0.7680288461538461 0.03485576923076923 0.03485576923076923
0 0.46875 0.8137019230769231 0.10336538461538461 0.10336538461538461
0 0.4519230769230769 0.8701923076923077 0.042067307692307696 0.042067307692307696
0 0.5637019230769231 0.8798076923076923 0.06490384615384616 0.06490384615384616
0 0.5036057692307693 0.9086538461538461 0.06850961538461539 0.06850961538461539
0 0.5612980769230769 0.8052884615384616 0.04807692307692308 0.04807692307692308
0 0.39783653846153844 0.6899038461538461 0.018028846153846152 0.018028846153846152
0 0.3786057692307692 0.7235576923076923 0.052884615384615384 0.052884615384615384
0 0.3858173076923077 0.7872596153846154 0.0829326923076923 0.0829326923076923
0 0.36658653846153844 0.9447115384615384 0.03125 0.03125
0 0.3798076923076923 0.8930288461538461 0.018028846153846152 0.018028846153846152
0 0.3317307692307692 0.9435096153846154 0.018028846153846152 0.018028846153846152
0 0.5192307692307693 0.5697115384615384 0.020432692307692308 0.020432692307692308
0 0.5108173076923077 0.5805288461538461 0.020432692307692308 0.020432692307692308
0 0.5336538461538461 0.6069711538461539 0.018028846153846152 0.018028846153846152
0 0.65625 0.5408653846153846 0.026442307692307692 0.026442307692307692
0 0.6346153846153846 0.6514423076923077 0.020432692307692308 0.020432692307692308
0 0.6177884615384616 0.7067307692307693 0.025240384615384616 0.025240384615384616
0 0.7163461538461539 0.6899038461538461 0.025240384615384616 0.025240384615384616
0 0.5925480769230769 0.6334134615384616 0.016826923076923076 0.016826923076923076
0 0.5769230769230769 0.6274038461538461 0.020432692307692308 0.020432692307692308
0 0.8173076923076923 0.6754807692307693 0.03125 0.03125
0 0.7896634615384616 0.6502403846153846 0.03125 0.03125
0 0.7608173076923077 0.6850961538461539 0.016826923076923076 0.016826923076923076
0 0.6262019230769231 0.5204326923076923 0.020432692307692308 0.020432692307692308
0 0.7980769230769231 0.8677884615384616 0.030048076923076924 0.030048076923076924
0 0.7079326923076923 0.8353365384615384 0.039663461538461536 0.039663461538461536
0 0.9110576923076923 0.8353365384615384 0.021634615384615384 0.021634615384615384
0 0.9387019230769231 0.8425480769230769 0.018028846153846152 0.018028846153846152
0 0.9411057692307693 0.9206730769230769 0.020432692307692308 0.020432692307692308
0 0.9002403846153846 0.9158653846153846 0.020432692307692308 0.020432692307692308
0 0.8786057692307693 0.9387019230769231 0.026442307692307692 0.026442307692307692
0 0.6057692307692307 0.9242788461538461 0.021634615384615384 0.021634615384615384
0 0.8377403846153846 0.1971153846153846 0.037259615384615384 0.037259615384615384
0 0.1778846153846154 0.15745192307692307 0.016826923076923076 0.016826923076923076
0 0.6538461538461539 0.6730769230769231 0.052884615384615384 0.052884615384615384
0 0.6850961538461539 0.5853365384615384 0.13701923076923078 0.13701923076923078