0 0.39302884615384615 0.7944711538461539 0.15144230769230768 0.15144230769230768
0 0.15985576923076922 0.07211538461538461 0.10697115384615384 0.10697115384615384
0 0.41225961538461536 0.16346153846153846 0.05048076923076923 0.05048076923076923
0 0.09375 0.05048076923076923 0.021634615384615384 0.021634615384615384
0 0.8966346153846154 0.0625 0.03365384615384615 0.03365384615384615
0 0.7391826923076923 0.07211538461538461 0.026442307692307692 0.026442307692307692
0 0.9483173076923077 0.6117788461538461 0.020432692307692308 0.020432692307692308
0 0.9795673076923077 0.5901442307692307 0.030048076923076924 0.030048076923076924
0 0.9579326923076923 0.32211538461538464 0.021634615384615384 0.021634615384615384
0 0.7055288461538461 0.27884615384615385 0.016826923076923076 0.016826923076923076
0 0.6935096153846154 0.12740384615384615 0.02283653846153846 0.02283653846153846
0 0.7319711538461539 0.2800480769230769 0.018028846153846152 0.018028846153846152
0 0.5336538461538461 0.21153846153846154 0.018028846153846152 0.018028846153846152
0 0.5372596153846154 0.4855769230769231 0.04447115384615385 0.04447115384615385
0 0.7487980769230769 0.5252403846153846 0.016826923076923076 0.016826923076923076
0 0.7043269230769231 0.5120192307692307 0.020432692307692308 0.020432692307692308
0 0.6862980769230769 0.5324519230769231 0.037259615384615384 0.037259615384615384
0 0.49038461538461536 0.26802884615384615 0.0985576923076923 0.0985576923076923
0 0.390625 0.28125 0.10336538461538461 0.10336538461538461
0 0.3173076923076923 0.5252403846153846 0.04447115384615385 0.04447115384615385
0 0.17548076923076922 0.40625 0.15625 0.15625
0 0.06971153846153846 0.49158653846153844 0.052884615384615384 0.052884615384615384
0 0.12379807692307693 0.4987980769230769 0.026442307692307692 0.026442307692307692
0 0.16706730769230768 0.5024038461538461 0.026442307692307692 0.026442307692307692
0 0.20552884615384615 0.5048076923076923 0.018028846153846152 0.018028846153846152
0 0.26322115384615385 0.5180288461538461 0.021634615384615384 0.021634615384615384
0 0.27884615384615385 0.47475961538461536 0.020432692307692308 0.020432692307692308
0 0.3629807692307692 0.49278846153846156 0.021634615384615384 0.021634615384615384
0 0.43149038461538464 0.4639423076923077 0.020432692307692308 0.020432692307692308
0 0.5685096153846154 0.042067307692307696 0.02283653846153846 0.02283653846153846
0 0.46875 0.2403846153846154 0.018028846153846152 0.018028846153846152
0 0.28725961538461536 0.27283653846153844 0.02283653846153846 0.02283653846153846
0 0.28725961538461536 0.29447115384615385 0.020432692307692308 0.020432692307692308
0 0.1778846153846154 0.15625 0.06971153846153846 0.06971153846153846
0 0.15985576923076922 0.21634615384615385 0.078125 0.078125
0 0.039663461538461536 0.25961538461538464 0.025240384615384616 0.025240384615384616
0 0.02283653846153846 0.24759615384615385 0.016826923076923076 0.016826923076923076
0 0.08413461538461539 0.3713942307692308 0.02283653846153846 0.02283653846153846
0 0.12980769230769232 0.15865384615384615 0.03365384615384615 0.03365384615384615
0 0.10576923076923077 0.12860576923076922 0.020432692307692308 0.020432692307692308
0 0.2800480769230769 0.20793269230769232 0.051682692307692304 0.051682692307692304
0 0.09495192307692307 0.21875 0.06370192307692307 0.06370192307692307
0 0.037259615384615384 0.4338942307692308 0.05048076923076923 0.05048076923076923
0 0.02283653846153846 0.5913461538461539 0.038461538461538464 0.038461538461538464
0 0.03485576923076923 0.6971153846153846 0.018028846153846152 0.018028846153846152
0 0.025240384615384616 0.7103365384615384 0.02283653846153846 0.02283653846153846
0 0.08052884615384616 0.7644230769230769 0.052884615384615384 0.052884615384615384
0 0.06129807692307692 0.7319711538461539 0.026442307692307692 0.026442307692307692
0 0.11538461538461539 0.8125 0.038461538461538464 0.038461538461538464
0 0.109375 0.8449519230769231 0.06370192307692307 0.06370192307692307
0 0.02283653846153846 0.8569711538461539 0.018028846153846152 0.018028846153846152
0 0.042067307692307696 0.9603365384615384 0.052884615384615384 0.052884615384615384
0 0.026442307692307692 0.9146634615384616 0.025240384615384616 0.025240384615384616
0 0.0829326923076923 0.8870192307692307 0.02283653846153846 0.02283653846153846
0 0.08413461538461539 0.9086538461538461 0.03365384615384615 0.03365384615384615
0 0.125 0.9230769230769231 0.020432692307692308 0.020432692307692308
0 0.14182692307692307 0.9290865384615384 0.025240384615384616 0.025240384615384616
0 0.34134615384615385 0.9387019230769231 0.037259615384615384 0.037259615384615384
0 0.3545673076923077 0.8846153846153846 0.042067307692307696 0.042067307692307696
0 0.28725961538461536 0.9699519230769231 0.025240384615384616 0.025240384615384616
0 0.2692307692307692 0.9519230769230769 0.02283653846153846 0.02283653846153846
0 0.23197115384615385 0.921875 0.03125 0.03125
0 0.2247596153846154 0.9519230769230769 0.028846153846153848 0.028846153846153848
0 0.22716346153846154 0.9711538461538461 0.030048076923076924 0.030048076923076924
0 0.18269230769230768 0.5612980769230769 0.051682692307692304 0.051682692307692304
0 0.3173076923076923 0.8557692307692307 0.042067307692307696 0.042067307692307696
0 0.30288461538461536 0.8341346153846154 0.056490384615384616 0.056490384615384616
0 0.19110576923076922 0.8353365384615384 0.04447115384615385 0.04447115384615385
0 0.18870192307692307 0.8653846153846154 0.020432692307692308 0.020432692307692308
0 0.25721153846153844 0.7680288461538461 0.052884615384615384 0.052884615384615384
0 0.21634615384615385 0.7379807692307693 0.056490384615384616 0.056490384615384616
0 0.4483173076923077 0.8545673076923077 0.021634615384615384 0.021634615384615384
0 0.47836538461538464 0.9134615384615384 0.021634615384615384 0.021634615384615384
0 0.5877403846153846 0.9483173076923077 0.08052884615384616 0.08052884615384616
0 0.609375 0.8870192307692307 0.026442307692307692 0.026442307692307692
0 0.53125 0.9855769230769231 0.028846153846153848 0.028846153846153848
0 0.5072115384615384 0.8040865384615384 0.021634615384615384 0.021634615384615384
0 0.40865384615384615 0.6502403846153846 0.03365384615384615 0.03365384615384615
0 0.3786057692307692 0.6286057692307693 0.018028846153846152 0.018028846153846152
0 0.41225961538461536 0.7163461538461539 0.02283653846153846 0.02283653846153846
0 0.5997596153846154 0.7824519230769231 0.037259615384615384 0.037259615384615384
0 0.5997596153846154 0.8028846153846154 0.02283653846153846 0.02283653846153846
0 0.6237980769230769 0.7259615384615384 0.018028846153846152 0.018028846153846152
0 0.5673076923076923 0.7067307692307693 0.03365384615384615 0.03365384615384615
0 0.5168269230769231 0.6887019230769231 0.026442307692307692 0.026442307692307692
0 0.4387019230769231 0.6646634615384616 0.02283653846153846 0.02283653846153846
0 0.4026442307692308 0.6862980769230769 0.018028846153846152 0.018028846153846152
0 0.5408653846153846 0.6069711538461539 0.030048076923076924 0.030048076923076924
0 0.5336538461538461 0.5889423076923077 0.03365384615384615 0.03365384615384615
0 0.47836538461538464 0.6081730769230769 0.018028846153846152 0.018028846153846152
0 0.453125 0.5925480769230769 0.028846153846153848 0.028846153846153848
0 0.3545673076923077 0.5913461538461539 0.026442307692307692 0.026442307692307692
0 0.5444711538461539 0.6490384615384616 0.020432692307692308 0.020432692307692308
0 0.25721153846153844 0.8713942307692307 0.021634615384615384 0.021634615384615384
0 0.24639423076923078 0.890625 0.018028846153846152 0.018028846153846152
0 0.1346153846153846 0.796875 0.021634615384615384 0.021634615384615384
0 0.7043269230769231 0.6622596153846154 0.021634615384615384 0.021634615384615384
0 0.8545673076923077 0.8834134615384616 0.026442307692307692 0.026442307692307692
0 0.9495192307692307 0.8197115384615384 0.037259615384615384 0.037259615384615384
0 0.9699519230769231 0.8112980769230769 0.03125 0.03125
0 0.9603365384615384 0.7668269230769231 0.03125 0.03125
0 0.9459134615384616 0.7451923076923077 0.018028846153846152 0.018028846153846152
0 0.9675480769230769 0.7307692307692307 0.018028846153846152 0.018028846153846152
0 0.8870192307692307 0.9447115384615384 0.08533653846153846 0.08533653846153846
0 0.9362980769230769 0.06490384615384616 0.051682692307692304 0.051682692307692304
0 0.984375 0.051682692307692304 0.021634615384615384 0.021634615384615384
0 0.9711538461538461 0.06490384615384616 0.021634615384615384 0.021634615384615384
0 0.75 0.11778846153846154 0.018028846153846152 0.018028846153846152
0 0.7788461538461539 0.32211538461538464 0.018028846153846152 0.018028846153846152
0 0.4699519230769231 0.33653846153846156 0.24278846153846154 0.24278846153846154
0 0.23197115384615385 0.28125 0.11538461538461539 0.11538461538461539
0 0.3870192307692308 0.07692307692307693 0.020432692307692308 0.020432692307692308
0 0.21033653846153846 0.6754807692307693 0.328125 0.328125
0 0.052884615384615384 0.19110576923076922 0.037259615384615384 0.037259615384615384
0 0.9266826923076923 0.8533653846153846 0.06009615384615385 0.06009615384615385
0 0.9699519230769231 0.7007211538461539 0.021634615384615384 0.021634615384615384