0 0.9759615384615384 0.5504807692307693 0.018028846153846152 0.018028846153846152
0 0.9735576923076923 0.0829326923076923 0.018028846153846152 0.018028846153846152
0 0.9266826923076923 0.44350961538461536 0.02283653846153846 0.02283653846153846
0 0.7872596153846154 0.4483173076923077 0.02283653846153846 0.02283653846153846
0 0.7776442307692307 0.42788461538461536 0.030048076923076924 0.030048076923076924
0 0.7644230769230769 0.4951923076923077 0.016826923076923076 0.016826923076923076
0 0.7019230769230769 0.4795673076923077 0.016826923076923076 0.016826923076923076
0 0.6754807692307693 0.5036057692307693 0.016826923076923076 0.016826923076923076
0 0.6262019230769231 0.48197115384615385 0.021634615384615384 0.021634615384615384
0 0.5036057692307693 0.48197115384615385 0.025240384615384616 0.025240384615384616
0 0.5552884615384616 0.4230769230769231 0.020432692307692308 0.020432692307692308
0 0.7103365384615384 0.45552884615384615 0.020432692307692308 0.020432692307692308
0 0.6538461538461539 0.40024038461538464 0.016826923076923076 0.016826923076923076
0 0.7752403846153846 0.15384615384615385 0.016826923076923076 0.016826923076923076
0 0.6322115384615384 0.19110576923076922 0.018028846153846152 0.018028846153846152
0 0.5721153846153846 0.0829326923076923 0.046875 0.046875
0 0.5745192307692307 0.056490384615384616 0.039663461538461536 0.039663461538461536
0 0.47115384615384615 0.08774038461538461 0.018028846153846152 0.018028846153846152
0 0.49158653846153844 0.1045673076923077 0.018028846153846152 0.018028846153846152
0 0.4735576923076923 0.12379807692307693 0.020432692307692308 0.020432692307692308
0 0.4362980769230769 0.09014423076923077 0.018028846153846152 0.018028846153846152
0 0.5072115384615384 0.3329326923076923 0.018028846153846152 0.018028846153846152
0 0.47716346153846156 0.4362980769230769 0.016826923076923076 0.016826923076923076
0 0.45552884615384615 0.3942307692307692 0.016826923076923076 0.016826923076923076
0 0.36177884615384615 0.3389423076923077 0.021634615384615384 0.021634615384615384
0 0.35697115384615385 0.5204326923076923 0.021634615384615384 0.021634615384615384
0 0.27884615384615385 0.5096153846153846 0.020432692307692308 0.020432692307692308
0 0.2860576923076923 0.37259615384615385 0.018028846153846152 0.018028846153846152
0 0.48197115384615385 0.5072115384615384 0.037259615384615384 0.037259615384615384
0 0.39663461538461536 0.16706730769230768 0.020432692307692308 0.020432692307692308
0 0.36538461538461536 0.16706730769230768 0.020432692307692308 0.020432692307692308
0 0.3389423076923077 0.10697115384615384 0.021634615384615384 0.021634615384615384
0 0.30408653846153844 0.25 0.037259615384615384 0.037259615384615384
0 0.2512019230769231 0.23197115384615385 0.02283653846153846 0.02283653846153846
0 0.2091346153846154 0.21394230769230768 0.025240384615384616 0.025240384615384616
0 0.25240384615384615 0.2536057692307692 0.020432692307692308 0.020432692307692308
0 0.24519230769230768 0.3329326923076923 0.020432692307692308 0.020432692307692308
0 0.24639423076923078 0.31971153846153844 0.016826923076923076 0.016826923076923076
0 0.2247596153846154 0.31009615384615385 0.026442307692307692 0.026442307692307692
0 0.30528846153846156 0.20552884615384615 0.016826923076923076 0.016826923076923076
0 0.21995192307692307 0.052884615384615384 0.021634615384615384 0.021634615384615384
0 0.16466346153846154 0.16706730769230768 0.018028846153846152 0.018028846153846152
0 0.11298076923076923 0.2283653846153846 0.018028846153846152 0.018028846153846152
0 0.21394230769230768 0.11778846153846154 0.016826923076923076 0.016826923076923076
0 0.039663461538461536 0.234375 0.03365384615384615 0.03365384615384615
0 0.12139423076923077 0.3870192307692308 0.03125 0.03125
0 0.09134615384615384 0.4483173076923077 0.021634615384615384 0.021634615384615384
0 0.042067307692307696 0.5528846153846154 0.03125 0.03125
0 0.18870192307692307 0.6586538461538461 0.020432692307692308 0.020432692307692308
0 0.21514423076923078 0.6237980769230769 0.016826923076923076 0.016826923076923076
0 0.23557692307692307 0.6045673076923077 0.04326923076923077 0.04326923076923077
0 0.27283653846153844 0.5913461538461539 0.030048076923076924 0.030048076923076924
0 0.35697115384615385 0.5901442307692307 0.025240384615384616 0.025240384615384616
0 0.39302884615384615 0.6201923076923077 0.02283653846153846 0.02283653846153846
0 0.33774038461538464 0.6538461538461539 0.026442307692307692 0.026442307692307692
0 0.31850961538461536 0.9254807692307693 0.020432692307692308 0.020432692307692308
0 0.3942307692307692 0.9771634615384616 0.021634615384615384 0.021634615384615384
0 0.3713942307692308 0.9855769230769231 0.021634615384615384 0.021634615384615384
0 0.4050480769230769 0.7728365384615384 0.016826923076923076 0.016826923076923076
0 0.5961538461538461 0.7572115384615384 0.020432692307692308 0.020432692307692308
0 0.6057692307692307 0.7127403846153846 0.016826923076923076 0.016826923076923076
0 0.6346153846153846 0.6947115384615384 0.018028846153846152 0.018028846153846152
0 0.7824519230769231 0.7379807692307693 0.021634615384615384 0.021634615384615384
0 0.7920673076923077 0.9711538461538461 0.020432692307692308 0.020432692307692308
0 0.84375 0.7596153846153846 0.018028846153846152 0.018028846153846152
0 0.8786057692307693 0.7896634615384616 0.018028846153846152 0.018028846153846152
0 0.8846153846153846 0.8028846153846154 0.020432692307692308 0.020432692307692308
0 0.8762019230769231 0.7704326923076923 0.021634615384615384 0.021634615384615384
0 0.9122596153846154 0.7584134615384616 0.020432692307692308 0.020432692307692308
0 0.9290865384615384 0.6430288461538461 0.030048076923076924 0.030048076923076924
0 0.890625 0.6454326923076923 0.052884615384615384 0.052884615384615384
0 0.921875 0.8245192307692307 0.020432692307692308 0.020432692307692308
0 0.9831730769230769 0.9242788461538461 0.021634615384615384 0.021634615384615384
0 0.9507211538461539 0.9747596153846154 0.016826923076923076 0.016826923076923076