0 0.08052884615384616 0.04447115384615385 0.05889423076923077 0.05889423076923077
0 0.17067307692307693 0.09615384615384616 0.030048076923076924 0.030048076923076924
0 0.21875 0.07692307692307693 0.056490384615384616 0.056490384615384616
0 0.8545673076923077 0.03125 0.03125 0.03125
0 0.8209134615384616 0.054086538461538464 0.039663461538461536 0.039663461538461536
0 0.8004807692307693 0.09134615384615384 0.04447115384615385 0.04447115384615385
0 0.9302884615384616 0.1466346153846154 0.02283653846153846 0.02283653846153846
0 0.7367788461538461 0.12860576923076922 0.018028846153846152 0.018028846153846152
0 0.7728365384615384 0.11778846153846154 0.1346153846153846 0.1346153846153846
0 0.6105769230769231 0.09975961538461539 0.037259615384615384 0.037259615384615384
0 0.34975961538461536 0.030048076923076924 0.026442307692307692 0.026442307692307692
0 0.3545673076923077 0.04807692307692308 0.025240384615384616 0.025240384615384616
0 0.3233173076923077 0.039663461538461536 0.02283653846153846 0.02283653846153846
0 0.3161057692307692 0.056490384615384616 0.04447115384615385 0.04447115384615385
0 0.27283653846153844 0.07451923076923077 0.03365384615384615 0.03365384615384615
0 0.24278846153846154 0.12139423076923077 0.06610576923076923 0.06610576923076923
0 0.25961538461538464 0.17427884615384615 0.0829326923076923 0.0829326923076923
0 0.3329326923076923 0.140625 0.15384615384615385 0.15384615384615385
0 0.39783653846153844 0.19591346153846154 0.05889423076923077 0.05889423076923077
0 0.390625 0.22716346153846154 0.042067307692307696 0.042067307692307696
0 0.43509615384615385 0.18870192307692307 0.018028846153846152 0.018028846153846152
0 0.44471153846153844 0.203125 0.021634615384615384 0.021634615384615384
0 0.5108173076923077 0.24519230769230768 0.06370192307692307 0.06370192307692307
0 0.5060096153846154 0.12620192307692307 0.13701923076923078 0.13701923076923078
0 0.5877403846153846 0.22115384615384615 0.046875 0.046875
0 0.65625 0.23918269230769232 0.037259615384615384 0.037259615384615384
0 0.6838942307692307 0.1875 0.0829326923076923 0.0829326923076923
0 0.6201923076923077 0.16105769230769232 0.03485576923076923 0.03485576923076923
0 0.6129807692307693 0.13221153846153846 0.025240384615384616 0.025240384615384616
0 0.7475961538461539 0.2403846153846154 0.11057692307692307 0.11057692307692307
0 0.8112980769230769 0.27283653846153844 0.03485576923076923 0.03485576923076923
0 0.8425480769230769 0.2860576923076923 0.039663461538461536 0.039663461538461536
0 0.9038461538461539 0.26802884615384615 0.02283653846153846 0.02283653846153846
0 0.8197115384615384 0.23557692307692307 0.042067307692307696 0.042067307692307696
0 0.025240384615384616 0.016826923076923076 0.018028846153846152 0.018028846153846152
0 0.5625 0.015625 0.020432692307692308 0.020432692307692308
0 0.9182692307692307 0.05048076923076923 0.020432692307692308 0.020432692307692308
0 0.9182692307692307 0.6646634615384616 0.03485576923076923 0.03485576923076923
0 0.9014423076923077 0.6502403846153846 0.05048076923076923 0.05048076923076923
0 0.7415865384615384 0.5853365384615384 0.018028846153846152 0.018028846153846152
0 0.7415865384615384 0.5384615384615384 0.026442307692307692 0.026442307692307692
0 0.9122596153846154 0.5096153846153846 0.04447115384615385 0.04447115384615385
0 0.9675480769230769 0.5120192307692307 0.03125 0.03125
0 0.9807692307692307 0.5336538461538461 0.03365384615384615 0.03365384615384615
0 0.9639423076923077 0.6622596153846154 0.018028846153846152 0.018028846153846152
0 0.9266826923076923 0.4387019230769231 0.04807692307692308 0.04807692307692308
0 0.9302884615384616 0.40625 0.03125 0.03125
0 0.9038461538461539 0.4074519230769231 0.021634615384615384 0.021634615384615384
0 0.859375 0.40024038461538464 0.02283653846153846 0.02283653846153846
0 0.7055288461538461 0.39302884615384615 0.1045673076923077 0.1045673076923077
0 0.6358173076923077 0.4375 0.030048076923076924 0.030048076923076924
0 0.6478365384615384 0.33533653846153844 0.08774038461538461 0.08774038461538461
0 0.7704326923076923 0.4699519230769231 0.025240384615384616 0.025240384615384616
0 0.7367788461538461 0.46033653846153844 0.018028846153846152 0.018028846153846152
0 0.7223557692307693 0.47716346153846156 0.16346153846153846 0.16346153846153846
0 0.9375 0.5961538461538461 0.11658653846153846 0.11658653846153846
0 0.8317307692307693 0.3762019230769231 0.1502403846153846 0.1502403846153846
0 0.8569711538461539 0.6646634615384616 0.10697115384615384 0.10697115384615384
0 0.7704326923076923 0.6586538461538461 0.05889423076923077 0.05889423076923077
0 0.8317307692307693 0.7319711538461539 0.03365384615384615 0.03365384615384615
0 0.8485576923076923 0.7716346153846154 0.08052884615384616 0.08052884615384616
0 0.6045673076923077 0.5769230769230769 0.08774038461538461 0.08774038461538461
0 0.484375 0.5564903846153846 0.03485576923076923 0.03485576923076923
0 0.4963942307692308 0.6045673076923077 0.0733173076923077 0.0733173076923077
0 0.5697115384615384 0.6862980769230769 0.020432692307692308 0.020432692307692308
0 0.2704326923076923 0.5456730769230769 0.030048076923076924 0.030048076923076924
0 0.2439903846153846 0.5168269230769231 0.020432692307692308 0.020432692307692308
0 0.26802884615384615 0.7295673076923077 0.11177884615384616 0.11177884615384616
0 0.18269230769230768 0.6887019230769231 0.039663461538461536 0.039663461538461536
0 0.23798076923076922 0.7980769230769231 0.09134615384615384 0.09134615384615384
0 0.30528846153846156 0.8557692307692307 0.02283653846153846 0.02283653846153846
0 0.5793269230769231 0.3425480769230769 0.030048076923076924 0.030048076923076924
0 0.5637019230769231 0.3293269230769231 0.025240384615384616 0.025240384615384616
0 0.5036057692307693 0.30288461538461536 0.03365384615384615 0.03365384615384615
0 0.4495192307692308 0.35697115384615385 0.10216346153846154 0.10216346153846154
0 0.4795673076923077 0.4387019230769231 0.016826923076923076 0.016826923076923076
0 0.26802884615384615 0.49399038461538464 0.1778846153846154 0.1778846153846154
0 0.36778846153846156 0.6574519230769231 0.020432692307692308 0.020432692307692308
0 0.46634615384615385 0.2824519230769231 0.1778846153846154 0.1778846153846154
0 0.037259615384615384 0.6213942307692307 0.026442307692307692 0.026442307692307692
0 0.1346153846153846 0.5625 0.1466346153846154 0.1466346153846154
0 0.12860576923076922 0.6370192307692307 0.04447115384615385 0.04447115384615385
0 0.037259615384615384 0.7536057692307693 0.06850961538461539 0.06850961538461539
0 0.09014423076923077 0.7295673076923077 0.037259615384615384 0.037259615384615384
0 0.1045673076923077 0.7860576923076923 0.037259615384615384 0.037259615384615384
0 0.08774038461538461 0.8112980769230769 0.037259615384615384 0.037259615384615384
0 0.039663461538461536 0.8269230769230769 0.025240384615384616 0.025240384615384616
0 0.08052884615384616 0.8713942307692307 0.05048076923076923 0.05048076923076923
0 0.08413461538461539 0.9639423076923077 0.025240384615384616 0.025240384615384616
0 0.08533653846153846 0.984375 0.018028846153846152 0.018028846153846152
0 0.22596153846153846 0.9326923076923077 0.12379807692307693 0.12379807692307693
0 0.140625 0.9278846153846154 0.038461538461538464 0.038461538461538464
0 0.28725961538461536 0.9795673076923077 0.025240384615384616 0.025240384615384616
0 0.1502403846153846 0.8569711538461539 0.020432692307692308 0.020432692307692308
0 0.1814903846153846 0.7692307692307693 0.02283653846153846 0.02283653846153846
0 0.6802884615384616 0.9338942307692307 0.042067307692307696 0.042067307692307696
0 0.49399038461538464 0.9170673076923077 0.030048076923076924 0.030048076923076924
0 0.6850961538461539 0.7271634615384616 0.02283653846153846 0.02283653846153846
0 0.7151442307692307 0.7403846153846154 0.026442307692307692 0.026442307692307692
0 0.7175480769230769 0.765625 0.026442307692307692 0.026442307692307692
0 0.7572115384615384 0.9795673076923077 0.021634615384615384 0.021634615384615384
0 0.2692307692307692 0.8461538461538461 0.052884615384615384 0.052884615384615384
0 0.8473557692307693 0.8245192307692307 0.020432692307692308 0.020432692307692308
0 0.8377403846153846 0.8413461538461539 0.018028846153846152 0.018028846153846152
0 0.9423076923076923 0.8052884615384616 0.020432692307692308 0.020432692307692308
0 0.7572115384615384 0.7355769230769231 0.02283653846153846 0.02283653846153846
0 0.7271634615384616 0.7235576923076923 0.03365384615384615 0.03365384615384615
0 0.8485576923076923 0.9579326923076923 0.028846153846153848 0.028846153846153848