0 0.14903846153846154 0.030048076923076924 0.025240384615384616 0.025240384615384616
0 0.019230769230769232 0.11298076923076923 0.020432692307692308 0.020432692307692308
0 0.038461538461538464 0.08413461538461539 0.016826923076923076 0.016826923076923076
0 0.06370192307692307 0.08533653846153846 0.020432692307692308 0.020432692307692308
0 0.046875 0.12379807692307693 0.03125 0.03125
0 0.19951923076923078 0.08173076923076923 0.025240384615384616 0.025240384615384616
0 0.06009615384615385 0.22956730769230768 0.020432692307692308 0.020432692307692308
0 0.1310096153846154 0.2620192307692308 0.02283653846153846 0.02283653846153846
0 0.12259615384615384 0.28966346153846156 0.018028846153846152 0.018028846153846152
0 0.08533653846153846 0.3088942307692308 0.09375 0.09375
0 0.09495192307692307 0.23798076923076922 0.018028846153846152 0.018028846153846152
0 0.21033653846153846 0.2956730769230769 0.04447115384615385 0.04447115384615385
0 0.17908653846153846 0.30288461538461536 0.021634615384615384 0.021634615384615384
0 0.16346153846153846 0.33052884615384615 0.042067307692307696 0.042067307692307696
0 0.13822115384615385 0.2800480769230769 0.018028846153846152 0.018028846153846152
0 0.24879807692307693 0.2848557692307692 0.02283653846153846 0.02283653846153846
0 0.2439903846153846 0.3016826923076923 0.03125 0.03125
0 0.2620192307692308 0.3173076923076923 0.03485576923076923 0.03485576923076923
0 0.3605769230769231 0.3088942307692308 0.046875 0.046875
0 0.3701923076923077 0.3329326923076923 0.028846153846153848 0.028846153846153848
0 0.21875 0.20192307692307693 0.18629807692307693 0.18629807692307693
0 0.30408653846153844 0.1201923076923077 0.021634615384615384 0.021634615384615384
0 0.3161057692307692 0.14302884615384615 0.02283653846153846 0.02283653846153846
0 0.3269230769230769 0.18629807692307693 0.020432692307692308 0.020432692307692308
0 0.35096153846153844 0.18269230769230768 0.018028846153846152 0.018028846153846152
0 0.34134615384615385 0.13942307692307693 0.028846153846153848 0.028846153846153848
0 0.39302884615384615 0.20552884615384615 0.02283653846153846 0.02283653846153846
0 0.3737980769230769 0.25721153846153844 0.025240384615384616 0.025240384615384616
0 0.34134615384615385 0.27884615384615385 0.020432692307692308 0.020432692307692308
0 0.34134615384615385 0.24519230769230768 0.018028846153846152 0.018028846153846152
0 0.43028846153846156 0.2283653846153846 0.025240384615384616 0.025240384615384616
0 0.41225961538461536 0.24759615384615385 0.020432692307692308 0.020432692307692308
0 0.41586538461538464 0.20793269230769232 0.020432692307692308 0.020432692307692308
0 0.28365384615384615 0.05048076923076923 0.028846153846153848 0.028846153846153848
0 0.5769230769230769 0.037259615384615384 0.016826923076923076 0.016826923076923076
0 0.6069711538461539 0.0829326923076923 0.02283653846153846 0.02283653846153846
0 0.6766826923076923 0.09254807692307693 0.020432692307692308 0.020432692307692308
0 0.90625 0.037259615384615384 0.018028846153846152 0.018028846153846152
0 0.9387019230769231 0.05889423076923077 0.038461538461538464 0.038461538461538464
0 0.9771634615384616 0.03485576923076923 0.018028846153846152 0.018028846153846152
0 0.6887019230769231 0.10697115384615384 0.016826923076923076 0.016826923076923076
0 0.9795673076923077 0.13221153846153846 0.028846153846153848 0.028846153846153848
0 0.9663461538461539 0.234375 0.020432692307692308 0.020432692307692308
0 0.9615384615384616 0.2548076923076923 0.026442307692307692 0.026442307692307692
0 0.84375 0.28365384615384615 0.020432692307692308 0.020432692307692308
0 0.828125 0.2620192307692308 0.020432692307692308 0.020432692307692308
0 0.9194711538461539 0.3762019230769231 0.030048076923076924 0.030048076923076924
0 0.7824519230769231 0.25600961538461536 0.028846153846153848 0.028846153846153848
0 0.8581730769230769 0.46033653846153844 0.021634615384615384 0.021634615384615384
0 0.7680288461538461 0.4387019230769231 0.021634615384615384 0.021634615384615384
0 0.7475961538461539 0.38461538461538464 0.046875 0.046875
0 0.7355769230769231 0.3161057692307692 0.021634615384615384 0.021634615384615384
0 0.7295673076923077 0.26322115384615385 0.018028846153846152 0.018028846153846152
0 0.7271634615384616 0.22716346153846154 0.018028846153846152 0.018028846153846152
0 0.9435096153846154 0.49158653846153844 0.03485576923076923 0.03485576923076923
0 0.8497596153846154 0.65625 0.028846153846153848 0.028846153846153848
0 0.7860576923076923 0.6045673076923077 0.020432692307692308 0.020432692307692308
0 0.6766826923076923 0.5661057692307693 0.020432692307692308 0.020432692307692308
0 0.6947115384615384 0.609375 0.04326923076923077 0.04326923076923077
0 0.6069711538461539 0.5769230769230769 0.037259615384615384 0.037259615384615384
0 0.5829326923076923 0.5576923076923077 0.021634615384615384 0.021634615384615384
0 0.6117788461538461 0.5276442307692307 0.052884615384615384 0.052884615384615384
0 0.6706730769230769 0.6322115384615384 0.1045673076923077 0.1045673076923077
0 0.6310096153846154 0.6935096153846154 0.12139423076923077 0.12139423076923077
0 0.6754807692307693 0.7295673076923077 0.028846153846153848 0.028846153846153848
0 0.6430288461538461 0.41225961538461536 0.037259615384615384 0.037259615384615384
0 0.6237980769230769 0.4182692307692308 0.025240384615384616 0.025240384615384616
0 0.6069711538461539 0.40384615384615385 0.02283653846153846 0.02283653846153846
0 0.5420673076923077 0.421875 0.025240384615384616 0.025240384615384616
0 0.5612980769230769 0.43028846153846156 0.018028846153846152 0.018028846153846152
0 0.5588942307692307 0.44711538461538464 0.025240384615384616 0.025240384615384616
0 0.5540865384615384 0.46153846153846156 0.026442307692307692 0.026442307692307692
0 0.6045673076923077 0.49158653846153844 0.03125 0.03125
0 0.44471153846153844 0.6298076923076923 0.11057692307692307 0.11057692307692307
0 0.2548076923076923 0.5588942307692307 0.09134615384615384 0.09134615384615384
0 0.15985576923076922 0.6430288461538461 0.030048076923076924 0.030048076923076924
0 0.04927884615384615 0.6394230769230769 0.08774038461538461 0.08774038461538461
0 0.14423076923076922 0.5528846153846154 0.21033653846153846 0.21033653846153846
0 0.03365384615384615 0.49399038461538464 0.03485576923076923 0.03485576923076923
0 0.22596153846153846 0.4050480769230769 0.025240384615384616 0.025240384615384616
0 0.21033653846153846 0.39302884615384615 0.028846153846153848 0.028846153846153848
0 0.203125 0.36538461538461536 0.018028846153846152 0.018028846153846152
0 0.5877403846153846 0.2848557692307692 0.020432692307692308 0.020432692307692308
0 0.5072115384615384 0.3016826923076923 0.021634615384615384 0.021634615384615384
0 0.6069711538461539 0.11778846153846154 0.016826923076923076 0.016826923076923076
0 0.3449519230769231 0.6766826923076923 0.02283653846153846 0.02283653846153846
0 0.3629807692307692 0.6971153846153846 0.018028846153846152 0.018028846153846152
0 0.02283653846153846 0.9146634615384616 0.030048076923076924 0.030048076923076924
0 0.06850961538461539 0.9098557692307693 0.021634615384615384 0.021634615384615384
0 0.08173076923076923 0.9411057692307693 0.018028846153846152 0.018028846153846152
0 0.05889423076923077 0.8293269230769231 0.026442307692307692 0.026442307692307692
0 0.15384615384615385 0.8461538461538461 0.028846153846153848 0.028846153846153848
0 0.17307692307692307 0.8641826923076923 0.018028846153846152 0.018028846153846152
0 0.27403846153846156 0.8930288461538461 0.020432692307692308 0.020432692307692308
0 0.125 0.9362980769230769 0.016826923076923076 0.016826923076923076
0 0.3870192307692308 0.9266826923076923 0.016826923076923076 0.016826923076923076
0 0.10096153846153846 0.7776442307692307 0.030048076923076924 0.030048076923076924
0 0.14783653846153846 0.7475961538461539 0.15504807692307693 0.15504807692307693
0 0.16706730769230768 0.8545673076923077 0.15504807692307693 0.15504807692307693
0 0.27283653846153844 0.7572115384615384 0.028846153846153848 0.028846153846153848
0 0.28846153846153844 0.7295673076923077 0.021634615384615384 0.021634615384615384
0 0.34134615384615385 0.7355769230769231 0.06971153846153846 0.06971153846153846
0 0.33533653846153844 0.8137019230769231 0.04447115384615385 0.04447115384615385
0 0.2764423076923077 0.8221153846153846 0.021634615384615384 0.021634615384615384
0 0.39302884615384615 0.8052884615384616 0.046875 0.046875
0 0.28365384615384615 0.8882211538461539 0.09975961538461539 0.09975961538461539
0 0.5793269230769231 0.8209134615384616 0.11658653846153846 0.11658653846153846
0 0.5336538461538461 0.8197115384615384 0.018028846153846152 0.018028846153846152
0 0.6334134615384616 0.9603365384615384 0.025240384615384616 0.025240384615384616
0 0.6454326923076923 0.9783653846153846 0.016826923076923076 0.016826923076923076
0 0.8245192307692307 0.9519230769230769 0.021634615384615384 0.021634615384615384
0 0.6875 0.8389423076923077 0.016826923076923076 0.016826923076923076
0 0.6346153846153846 0.7740384615384616 0.018028846153846152 0.018028846153846152
0 0.4579326923076923 0.7463942307692307 0.046875 0.046875
0 0.4362980769230769 0.7055288461538461 0.025240384615384616 0.025240384615384616
0 0.42427884615384615 0.7211538461538461 0.025240384615384616 0.025240384615384616
0 0.7271634615384616 0.78125 0.016826923076923076 0.016826923076923076
0 0.7295673076923077 0.828125 0.018028846153846152 0.018028846153846152
0 0.7271634615384616 0.8461538461538461 0.020432692307692308 0.020432692307692308
0 0.8533653846153846 0.8088942307692307 0.03485576923076923 0.03485576923076923
0 0.8653846153846154 0.8545673076923077 0.026442307692307692 0.026442307692307692
0 0.8894230769230769 0.8545673076923077 0.021634615384615384 0.021634615384615384
0 0.8774038461538461 0.8389423076923077 0.021634615384615384 0.021634615384615384
0 0.9074519230769231 0.8786057692307693 0.025240384615384616 0.025240384615384616
0 0.9447115384615384 0.9387019230769231 0.06490384615384616 0.06490384615384616
0 0.9110576923076923 0.9110576923076923 0.028846153846153848 0.028846153846153848
0 0.9278846153846154 0.7295673076923077 0.025240384615384616 0.025240384615384616
0 0.9254807692307693 0.7127403846153846 0.025240384615384616 0.025240384615384616
0 0.9735576923076923 0.7487980769230769 0.02283653846153846 0.02283653846153846
0 0.9555288461538461 0.7620192307692307 0.021634615384615384 0.021634615384615384
0 0.9663461538461539 0.7752403846153846 0.018028846153846152 0.018028846153846152
0 0.890625 0.8004807692307693 0.020432692307692308 0.020432692307692308
0 0.9519230769230769 0.7103365384615384 0.02283653846153846 0.02283653846153846
0 0.96875 0.7199519230769231 0.016826923076923076 0.016826923076923076
0 0.8413461538461539 0.9098557692307693 0.038461538461538464 0.038461538461538464
0 0.09014423076923077 0.96875 0.04807692307692308 0.04807692307692308
0 0.8401442307692307 0.7560096153846154 0.016826923076923076 0.016826923076923076
0 0.7764423076923077 0.3076923076923077 0.018028846153846152 0.018028846153846152
0 0.5096153846153846 0.9242788461538461 0.10216346153846154 0.10216346153846154
0 0.6502403846153846 0.9110576923076923 0.039663461538461536 0.039663461538461536
0 0.8137019230769231 0.7752403846153846 0.016826923076923076 0.016826923076923076
0 0.7451923076923077 0.8112980769230769 0.03485576923076923 0.03485576923076923