0 0.53125 0.5853365384615384 0.2403846153846154 0.2403846153846154
0 0.08774038461538461 0.07932692307692307 0.03125 0.03125
0 0.1935096153846154 0.04326923076923077 0.025240384615384616 0.025240384615384616
0 0.109375 0.05048076923076923 0.016826923076923076 0.016826923076923076
0 0.47716346153846156 0.04326923076923077 0.0829326923076923 0.0829326923076923
0 0.5180288461538461 0.09375 0.026442307692307692 0.026442307692307692
0 0.8137019230769231 0.07091346153846154 0.02283653846153846 0.02283653846153846
0 0.7944711538461539 0.046875 0.037259615384615384 0.037259615384615384
0 0.7319711538461539 0.09254807692307693 0.02283653846153846 0.02283653846153846
0 0.8617788461538461 0.11538461538461539 0.03125 0.03125
0 0.6995192307692307 0.15384615384615385 0.03365384615384615 0.03365384615384615
0 0.42427884615384615 0.12139423076923077 0.018028846153846152 0.018028846153846152
0 0.5757211538461539 0.10576923076923077 0.025240384615384616 0.025240384615384616
0 0.7620192307692307 0.08653846153846154 0.025240384615384616 0.025240384615384616
0 0.9759615384615384 0.07692307692307693 0.018028846153846152 0.018028846153846152
0 0.9362980769230769 0.19591346153846154 0.06370192307692307 0.06370192307692307
0 0.9182692307692307 0.2824519230769231 0.14182692307692307 0.14182692307692307
0 0.9783653846153846 0.3317307692307692 0.02283653846153846 0.02283653846153846
0 0.7560096153846154 0.17307692307692307 0.018028846153846152 0.018028846153846152
0 0.7704326923076923 0.17908653846153846 0.018028846153846152 0.018028846153846152
0 0.7199519230769231 0.19951923076923078 0.03485576923076923 0.03485576923076923
0 0.7572115384615384 0.24639423076923078 0.02283653846153846 0.02283653846153846
0 0.7944711538461539 0.24639423076923078 0.020432692307692308 0.020432692307692308
0 0.8269230769230769 0.24759615384615385 0.05048076923076923 0.05048076923076923
0 0.890625 0.17668269230769232 0.018028846153846152 0.018028846153846152
0 0.9819711538461539 0.15625 0.025240384615384616 0.025240384615384616
0 0.8197115384615384 0.3918269230769231 0.026442307692307692 0.026442307692307692
0 0.8173076923076923 0.41225961538461536 0.020432692307692308 0.020432692307692308
0 0.7920673076923077 0.41225961538461536 0.021634615384615384 0.021634615384615384
0 0.7127403846153846 0.38461538461538464 0.03365384615384615 0.03365384615384615
0 0.8449519230769231 0.4855769230769231 0.042067307692307696 0.042067307692307696
0 0.7920673076923077 0.4879807692307692 0.04326923076923077 0.04326923076923077
0 0.7223557692307693 0.5420673076923077 0.018028846153846152 0.018028846153846152
0 0.9242788461538461 0.5252403846153846 0.039663461538461536 0.039663461538461536
0 0.9230769230769231 0.734375 0.028846153846153848 0.028846153846153848
0 0.8149038461538461 0.6586538461538461 0.026442307692307692 0.026442307692307692
0 0.7536057692307693 0.6754807692307693 0.030048076923076924 0.030048076923076924
0 0.7271634615384616 0.6514423076923077 0.03125 0.03125
0 0.8978365384615384 0.4795673076923077 0.020432692307692308 0.020432692307692308
0 0.8978365384615384 0.4543269230769231 0.021634615384615384 0.021634615384615384
0 0.9002403846153846 0.43509615384615385 0.020432692307692308 0.020432692307692308
0 0.8810096153846154 0.5120192307692307 0.05048076923076923 0.05048076923076923
0 0.7175480769230769 0.3161057692307692 0.10697115384615384 0.10697115384615384
0 0.6766826923076923 0.3293269230769231 0.15144230769230768 0.15144230769230768
0 0.5757211538461539 0.20793269230769232 0.020432692307692308 0.020432692307692308
0 0.47716346153846156 0.20793269230769232 0.056490384615384616 0.056490384615384616
0 0.4170673076923077 0.21394230769230768 0.02283653846153846 0.02283653846153846
0 0.5492788461538461 0.3293269230769231 0.026442307692307692 0.026442307692307692
0 0.6766826923076923 0.5384615384615384 0.026442307692307692 0.026442307692307692
0 0.47475961538461536 0.5528846153846154 0.039663461538461536 0.039663461538461536
0 0.4651442307692308 0.4795673076923077 0.07211538461538461 0.07211538461538461
0 0.3557692307692308 0.5288461538461539 0.026442307692307692 0.026442307692307692
0 0.36538461538461536 0.5348557692307693 0.07692307692307693 0.07692307692307693
0 0.35096153846153844 0.5949519230769231 0.042067307692307696 0.042067307692307696
0 0.30528846153846156 0.5889423076923077 0.05048076923076923 0.05048076923076923
0 0.43028846153846156 0.30288461538461536 0.05048076923076923 0.05048076923076923
0 0.3954326923076923 0.28966346153846156 0.042067307692307696 0.042067307692307696
0 0.3004807692307692 0.2512019230769231 0.020432692307692308 0.020432692307692308
0 0.2920673076923077 0.3269230769230769 0.04326923076923077 0.04326923076923077
0 0.25961538461538464 0.34134615384615385 0.020432692307692308 0.020432692307692308
0 0.3161057692307692 0.40384615384615385 0.028846153846153848 0.028846153846153848
0 0.3317307692307692 0.4230769230769231 0.055288461538461536 0.055288461538461536
0 0.27163461538461536 0.4795673076923077 0.018028846153846152 0.018028846153846152
0 0.2920673076923077 0.5084134615384616 0.018028846153846152 0.018028846153846152
0 0.7512019230769231 0.5228365384615384 0.018028846153846152 0.018028846153846152
0 0.6514423076923077 0.4254807692307692 0.03125 0.03125
0 0.5444711538461539 0.27884615384615385 0.042067307692307696 0.042067307692307696
0 0.7788461538461539 0.2824519230769231 0.025240384615384616 0.025240384615384616
0 0.65625 0.5072115384615384 0.038461538461538464 0.038461538461538464
0 0.24759615384615385 0.4014423076923077 0.02283653846153846 0.02283653846153846
0 0.18870192307692307 0.3786057692307692 0.05889423076923077 0.05889423076923077
0 0.14302884615384615 0.2800480769230769 0.05048076923076923 0.05048076923076923
0 0.09254807692307693 0.16105769230769232 0.021634615384615384 0.021634615384615384
0 0.20192307692307693 0.1045673076923077 0.03125 0.03125
0 0.04807692307692308 0.19951923076923078 0.018028846153846152 0.018028846153846152
0 0.054086538461538464 0.4639423076923077 0.020432692307692308 0.020432692307692308
0 0.06971153846153846 0.5096153846153846 0.018028846153846152 0.018028846153846152
0 0.05048076923076923 0.5841346153846154 0.04447115384615385 0.04447115384615385
0 0.1045673076923077 0.6322115384615384 0.016826923076923076 0.016826923076923076
0 0.2283653846153846 0.6370192307692307 0.025240384615384616 0.025240384615384616
0 0.15985576923076922 0.5324519230769231 0.020432692307692308 0.020432692307692308
0 0.1658653846153846 0.48197115384615385 0.018028846153846152 0.018028846153846152
0 0.06370192307692307 0.546875 0.020432692307692308 0.020432692307692308
0 0.08052884615384616 0.5612980769230769 0.026442307692307692 0.026442307692307692
0 0.25721153846153844 0.5637019230769231 0.020432692307692308 0.020432692307692308
0 0.34375 0.6682692307692307 0.018028846153846152 0.018028846153846152
0 0.265625 0.7307692307692307 0.018028846153846152 0.018028846153846152
0 0.2091346153846154 0.7283653846153846 0.026442307692307692 0.026442307692307692
0 0.20552884615384615 0.7584134615384616 0.016826923076923076 0.016826923076923076
0 0.12860576923076922 0.7980769230769231 0.03365384615384615 0.03365384615384615
0 0.34134615384615385 0.7548076923076923 0.051682692307692304 0.051682692307692304
0 0.44591346153846156 0.7668269230769231 0.05889423076923077 0.05889423076923077
0 0.5432692307692307 0.71875 0.06370192307692307 0.06370192307692307
0 0.4855769230769231 0.7788461538461539 0.018028846153846152 0.018028846153846152
0 0.38822115384615385 0.7980769230769231 0.039663461538461536 0.039663461538461536
0 0.3713942307692308 0.8257211538461539 0.04447115384615385 0.04447115384615385
0 0.31850961538461536 0.8401442307692307 0.021634615384615384 0.021634615384615384
0 0.28966346153846156 0.8569711538461539 0.03485576923076923 0.03485576923076923
0 0.24639423076923078 0.8088942307692307 0.026442307692307692 0.026442307692307692
0 0.09975961538461539 0.7572115384615384 0.02283653846153846 0.02283653846153846
0 0.20673076923076922 0.5997596153846154 0.039663461538461536 0.039663461538461536
0 0.125 0.35697115384615385 0.030048076923076924 0.030048076923076924
0 0.23677884615384615 0.296875 0.025240384615384616 0.025240384615384616
0 0.06610576923076923 0.8100961538461539 0.018028846153846152 0.018028846153846152
0 0.0625 0.8834134615384616 0.025240384615384616 0.025240384615384616
0 0.08173076923076923 0.9026442307692307 0.021634615384615384 0.021634615384615384
0 0.171875 0.8677884615384616 0.016826923076923076 0.016826923076923076
0 0.17668269230769232 0.8846153846153846 0.025240384615384616 0.025240384615384616
0 0.39783653846153844 0.90625 0.026442307692307692 0.026442307692307692
0 0.4266826923076923 0.8485576923076923 0.030048076923076924 0.030048076923076924
0 0.3233173076923077 0.8677884615384616 0.03125 0.03125
0 0.4483173076923077 0.8653846153846154 0.020432692307692308 0.020432692307692308
0 0.28365384615384615 0.8209134615384616 0.016826923076923076 0.016826923076923076
0 0.3954326923076923 0.9230769230769231 0.15144230769230768 0.15144230769230768
0 0.23317307692307693 0.9795673076923077 0.021634615384615384 0.021634615384615384
0 0.013221153846153846 0.9230769230769231 0.021634615384615384 0.021634615384615384
0 0.71875 0.6862980769230769 0.04447115384615385 0.04447115384615385
0 0.6526442307692307 0.7055288461538461 0.018028846153846152 0.018028846153846152
0 0.6682692307692307 0.7103365384615384 0.06610576923076923 0.06610576923076923
0 0.6526442307692307 0.6622596153846154 0.052884615384615384 0.052884615384615384
0 0.7367788461538461 0.8485576923076923 0.06009615384615385 0.06009615384615385
0 0.8004807692307693 0.8942307692307693 0.021634615384615384 0.021634615384615384
0 0.6742788461538461 0.8641826923076923 0.018028846153846152 0.018028846153846152
0 0.6622596153846154 0.8521634615384616 0.018028846153846152 0.018028846153846152
0 0.7199519230769231 0.9170673076923077 0.018028846153846152 0.018028846153846152
0 0.7175480769230769 0.7896634615384616 0.296875 0.296875
0 0.2608173076923077 0.17668269230769232 0.03365384615384615 0.03365384615384615
0 0.3713942307692308 0.9038461538461539 0.018028846153846152 0.018028846153846152