0 0.026442307692307692 0.24278846153846154 0.026442307692307692 0.026442307692307692
0 0.057692307692307696 0.2403846153846154 0.037259615384615384 0.037259615384615384
0 0.12860576923076922 0.21394230769230768 0.028846153846153848 0.028846153846153848
0 0.19110576923076922 0.22115384615384615 0.10336538461538461 0.10336538461538461
0 0.037259615384615384 0.27283653846153844 0.018028846153846152 0.018028846153846152
0 0.14302884615384615 0.24759615384615385 0.11057692307692307 0.11057692307692307
0 0.33052884615384615 0.2644230769230769 0.06850961538461539 0.06850961538461539
0 0.2512019230769231 0.27283653846153844 0.09495192307692307 0.09495192307692307
0 0.21153846153846154 0.3088942307692308 0.0733173076923077 0.0733173076923077
0 0.11057692307692307 0.30528846153846156 0.11538461538461539 0.11538461538461539
0 0.16947115384615385 0.3737980769230769 0.051682692307692304 0.051682692307692304
0 0.18870192307692307 0.38341346153846156 0.018028846153846152 0.018028846153846152
0 0.18028846153846154 0.39302884615384615 0.028846153846153848 0.028846153846153848
0 0.32091346153846156 0.36177884615384615 0.0733173076923077 0.0733173076923077
0 0.2956730769230769 0.3125 0.04807692307692308 0.04807692307692308
0 0.4362980769230769 0.35697115384615385 0.038461538461538464 0.038461538461538464
0 0.421875 0.4362980769230769 0.020432692307692308 0.020432692307692308
0 0.12860576923076922 0.12139423076923077 0.06370192307692307 0.06370192307692307
0 0.27884615384615385 0.07572115384615384 0.03365384615384615 0.03365384615384615
0 0.2848557692307692 0.11057692307692307 0.016826923076923076 0.016826923076923076
0 0.0889423076923077 0.20072115384615385 0.04447115384615385 0.04447115384615385
0 0.36538461538461536 0.14423076923076922 0.020432692307692308 0.020432692307692308
0 0.5360576923076923 0.12379807692307693 0.021634615384615384 0.021634615384615384
0 0.5745192307692307 0.18629807692307693 0.08052884615384616 0.08052884615384616
0 0.5360576923076923 0.15865384615384615 0.026442307692307692 0.026442307692307692
0 0.6430288461538461 0.16947115384615385 0.026442307692307692 0.026442307692307692
0 0.6814903846153846 0.22716346153846154 0.021634615384615384 0.021634615384615384
0 0.7872596153846154 0.054086538461538464 0.03365384615384615 0.03365384615384615
0 0.7896634615384616 0.09975961538461539 0.030048076923076924 0.030048076923076924
0 0.7259615384615384 0.0829326923076923 0.13221153846153846 0.13221153846153846
0 0.9375 0.14302884615384615 0.038461538461538464 0.038461538461538464
0 0.8954326923076923 0.13701923076923078 0.025240384615384616 0.025240384615384616
0 0.8870192307692307 0.19951923076923078 0.021634615384615384 0.021634615384615384
0 0.49158653846153844 0.14903846153846154 0.03485576923076923 0.03485576923076923
0 0.5144230769230769 0.10216346153846154 0.055288461538461536 0.055288461538461536
0 0.9759615384615384 0.08774038461538461 0.025240384615384616 0.025240384615384616
0 0.9326923076923077 0.1658653846153846 0.021634615384615384 0.021634615384615384
0 0.9146634615384616 0.36538461538461536 0.030048076923076924 0.030048076923076924
0 0.8834134615384616 0.3798076923076923 0.02283653846153846 0.02283653846153846
0 0.9675480769230769 0.47596153846153844 0.020432692307692308 0.020432692307692308
0 0.9711538461538461 0.5036057692307693 0.038461538461538464 0.038461538461538464
0 0.8629807692307693 0.8305288461538461 0.039663461538461536 0.039663461538461536
0 0.8088942307692307 0.8569711538461539 0.08173076923076923 0.08173076923076923
0 0.7956730769230769 0.9002403846153846 0.030048076923076924 0.030048076923076924
0 0.7175480769230769 0.9302884615384616 0.018028846153846152 0.018028846153846152
0 0.7427884615384616 0.8401442307692307 0.052884615384615384 0.052884615384615384
0 0.7620192307692307 0.30408653846153844 0.018028846153846152 0.018028846153846152
0 0.65625 0.30288461538461536 0.018028846153846152 0.018028846153846152
0 0.6298076923076923 0.3088942307692308 0.018028846153846152 0.018028846153846152
0 0.6045673076923077 0.42427884615384615 0.06129807692307692 0.06129807692307692
0 0.7572115384615384 0.46033653846153844 0.30288461538461536 0.30288461538461536
0 0.6045673076923077 0.5060096153846154 0.016826923076923076 0.016826923076923076
0 0.6790865384615384 0.7956730769230769 0.1346153846153846 0.1346153846153846
0 0.5649038461538461 0.7872596153846154 0.10817307692307693 0.10817307692307693
0 0.4387019230769231 0.8786057692307693 0.06129807692307692 0.06129807692307692
0 0.4266826923076923 0.9519230769230769 0.026442307692307692 0.026442307692307692
0 0.5853365384615384 0.9278846153846154 0.021634615384615384 0.021634615384615384
0 0.5721153846153846 0.9074519230769231 0.021634615384615384 0.021634615384615384
0 0.5492788461538461 0.8521634615384616 0.02283653846153846 0.02283653846153846
0 0.6550480769230769 0.9002403846153846 0.020432692307692308 0.020432692307692308
0 0.6045673076923077 0.9122596153846154 0.018028846153846152 0.018028846153846152
0 0.5925480769230769 0.9002403846153846 0.018028846153846152 0.018028846153846152
0 0.28365384615384615 0.8004807692307693 0.016826923076923076 0.016826923076923076
0 0.35697115384615385 0.7379807692307693 0.06009615384615385 0.06009615384615385
0 0.2956730769230769 0.6766826923076923 0.04807692307692308 0.04807692307692308
0 0.4387019230769231 0.5769230769230769 0.020432692307692308 0.020432692307692308
0 0.484375 0.5661057692307693 0.04447115384615385 0.04447115384615385
0 0.47475961538461536 0.6598557692307693 0.03485576923076923 0.03485576923076923
0 0.46153846153846156 0.6875 0.025240384615384616 0.025240384615384616
0 0.4579326923076923 0.7103365384615384 0.018028846153846152 0.018028846153846152
0 0.5384615384615384 0.4423076923076923 0.03125 0.03125
0 0.20192307692307693 0.4855769230769231 0.06850961538461539 0.06850961538461539
0 0.1935096153846154 0.4338942307692308 0.021634615384615384 0.021634615384615384
0 0.11538461538461539 0.4963942307692308 0.026442307692307692 0.026442307692307692
0 0.0889423076923077 0.5168269230769231 0.020432692307692308 0.020432692307692308
0 0.12259615384615384 0.7668269230769231 0.021634615384615384 0.021634615384615384
0 0.009615384615384616 0.7463942307692307 0.016826923076923076 0.016826923076923076
0 0.06370192307692307 0.37259615384615385 0.10216346153846154 0.10216346153846154
0 0.13942307692307693 0.5252403846153846 0.020432692307692308 0.020432692307692308
0 0.7211538461538461 0.9711538461538461 0.038461538461538464 0.038461538461538464