0 0.025240384615384616 0.1875 0.046875 0.046875
0 0.02403846153846154 0.23197115384615385 0.04326923076923077 0.04326923076923077
0 0.09495192307692307 0.24639423076923078 0.051682692307692304 0.051682692307692304
0 0.1935096153846154 0.21033653846153846 0.03365384615384615 0.03365384615384615
0 0.20552884615384615 0.1875 0.021634615384615384 0.021634615384615384
0 0.40024038461538464 0.13701923076923078 0.025240384615384616 0.025240384615384616
0 0.3786057692307692 0.14423076923076922 0.021634615384615384 0.021634615384615384
0 0.4387019230769231 0.1658653846153846 0.025240384615384616 0.025240384615384616
0 0.3798076923076923 0.046875 0.020432692307692308 0.020432692307692308
0 0.4987980769230769 0.10697115384615384 0.052884615384615384 0.052884615384615384
0 0.4855769230769231 0.13581730769230768 0.037259615384615384 0.037259615384615384
0 0.9495192307692307 0.04447115384615385 0.021634615384615384 0.021634615384615384
0 0.7475961538461539 0.03245192307692308 0.018028846153846152 0.018028846153846152
0 0.7836538461538461 0.1346153846153846 0.1502403846153846 0.1502403846153846
0 0.7331730769230769 0.1971153846153846 0.030048076923076924 0.030048076923076924
0 0.7920673076923077 0.1814903846153846 0.020432692307692308 0.020432692307692308
0 0.9879807692307693 0.3329326923076923 0.020432692307692308 0.020432692307692308
0 0.9591346153846154 0.33774038461538464 0.02283653846153846 0.02283653846153846
0 0.8605769230769231 0.28966346153846156 0.021634615384615384 0.021634615384615384
0 0.78125 0.29086538461538464 0.03485576923076923 0.03485576923076923
0 0.5697115384615384 0.25600961538461536 0.028846153846153848 0.028846153846153848
0 0.6069711538461539 0.27163461538461536 0.06971153846153846 0.06971153846153846
0 0.7644230769230769 0.3786057692307692 0.018028846153846152 0.018028846153846152
0 0.8882211538461539 0.4230769230769231 0.018028846153846152 0.018028846153846152
0 0.9423076923076923 0.43990384615384615 0.018028846153846152 0.018028846153846152
0 0.8689903846153846 0.49399038461538464 0.052884615384615384 0.052884615384615384
0 0.984375 0.6995192307692307 0.016826923076923076 0.016826923076923076
0 0.8942307692307693 0.7932692307692307 0.05048076923076923 0.05048076923076923
0 0.7211538461538461 0.7331730769230769 0.028846153846153848 0.028846153846153848
0 0.8052884615384616 0.6538461538461539 0.028846153846153848 0.028846153846153848
0 0.8004807692307693 0.6177884615384616 0.020432692307692308 0.020432692307692308
0 0.7572115384615384 0.6646634615384616 0.021634615384615384 0.021634615384615384
0 0.7067307692307693 0.6574519230769231 0.03125 0.03125
0 0.7055288461538461 0.6274038461538461 0.021634615384615384 0.021634615384615384
0 0.65625 0.7680288461538461 0.025240384615384616 0.025240384615384616
0 0.6117788461538461 0.7800480769230769 0.021634615384615384 0.021634615384615384
0 0.6670673076923077 0.8197115384615384 0.018028846153846152 0.018028846153846152
0 0.6322115384615384 0.84375 0.016826923076923076 0.016826923076923076
0 0.53125 0.8161057692307693 0.05048076923076923 0.05048076923076923
0 0.5372596153846154 0.6766826923076923 0.021634615384615384 0.021634615384615384
0 0.7271634615384616 0.5841346153846154 0.030048076923076924 0.030048076923076924
0 0.7127403846153846 0.47596153846153844 0.020432692307692308 0.020432692307692308
0 0.6850961538461539 0.5120192307692307 0.018028846153846152 0.018028846153846152
0 0.5516826923076923 0.41346153846153844 0.021634615384615384 0.021634615384615384
0 0.43509615384615385 0.6370192307692307 0.028846153846153848 0.028846153846153848
0 0.3798076923076923 0.4543269230769231 0.016826923076923076 0.016826923076923076
0 0.40024038461538464 0.4879807692307692 0.016826923076923076 0.016826923076923076
0 0.29086538461538464 0.5757211538461539 0.030048076923076924 0.030048076923076924
0 0.2668269230769231 0.5396634615384616 0.018028846153846152 0.018028846153846152
0 0.1971153846153846 0.6983173076923077 0.018028846153846152 0.018028846153846152
0 0.057692307692307696 0.6622596153846154 0.02283653846153846 0.02283653846153846
0 0.31850961538461536 0.5396634615384616 0.20192307692307693 0.20192307692307693
0 0.36658653846153844 0.3581730769230769 0.037259615384615384 0.037259615384615384
0 0.3004807692307692 0.30649038461538464 0.028846153846153848 0.028846153846153848
0 0.25721153846153844 0.3485576923076923 0.021634615384615384 0.021634615384615384
0 0.5012019230769231 0.24278846153846154 0.05048076923076923 0.05048076923076923
0 0.3713942307692308 0.2439903846153846 0.03485576923076923 0.03485576923076923
0 0.2091346153846154 0.25721153846153844 0.03125 0.03125
0 0.6117788461538461 0.49158653846153844 0.03125 0.03125
0 0.09375 0.3557692307692308 0.026442307692307692 0.026442307692307692
0 0.20192307692307693 0.8966346153846154 0.026442307692307692 0.026442307692307692
0 0.34975961538461536 0.96875 0.021634615384615384 0.021634615384615384
0 0.3161057692307692 0.96875 0.018028846153846152 0.018028846153846152
0 0.3137019230769231 0.921875 0.016826923076923076 0.016826923076923076
0 0.33533653846153844 0.8954326923076923 0.016826923076923076 0.016826923076923076
0 0.4795673076923077 0.9879807692307693 0.018028846153846152 0.018028846153846152
0 0.4987980769230769 0.8125 0.020432692307692308 0.020432692307692308
0 0.4951923076923077 0.8269230769230769 0.018028846153846152 0.018028846153846152
0 0.6778846153846154 0.8954326923076923 0.02283653846153846 0.02283653846153846
0 0.96875 0.8641826923076923 0.030048076923076924 0.030048076923076924
0 0.9663461538461539 0.8293269230769231 0.018028846153846152 0.018028846153846152
0 0.9170673076923077 0.84375 0.04326923076923077 0.04326923076923077
0 0.06850961538461539 0.5048076923076923 0.025240384615384616 0.025240384615384616
0 0.29086538461538464 0.8786057692307693 0.09375 0.09375
0 0.5180288461538461 0.8257211538461539 0.07211538461538461 0.07211538461538461
0 0.8245192307692307 0.9411057692307693 0.039663461538461536 0.039663461538461536
0 0.8245192307692307 0.7776442307692307 0.025240384615384616 0.025240384615384616