0 0.3004807692307692 0.21995192307692307 0.016826923076923076 0.016826923076923076
0 0.3713942307692308 0.24639423076923078 0.056490384615384616 0.056490384615384616
0 0.421875 0.27884615384615385 0.020432692307692308 0.020432692307692308
0 0.5444711538461539 0.30528846153846156 0.020432692307692308 0.020432692307692308
0 0.5444711538461539 0.3581730769230769 0.018028846153846152 0.018028846153846152
0 0.47836538461538464 0.3557692307692308 0.018028846153846152 0.018028846153846152
0 0.4675480769230769 0.27524038461538464 0.018028846153846152 0.018028846153846152
0 0.5204326923076923 0.22235576923076922 0.020432692307692308 0.020432692307692308
0 0.6201923076923077 0.21995192307692307 0.016826923076923076 0.016826923076923076
0 0.6682692307692307 0.14423076923076922 0.028846153846153848 0.028846153846153848
0 0.7512019230769231 0.15745192307692307 0.020432692307692308 0.020432692307692308
0 0.7560096153846154 0.0889423076923077 0.037259615384615384 0.037259615384615384
0 0.875 0.7536057692307693 0.02283653846153846 0.02283653846153846
0 0.9230769230769231 0.45552884615384615 0.10336538461538461 0.10336538461538461
0 0.6983173076923077 0.6286057692307693 0.03365384615384615 0.03365384615384615
0 0.5168269230769231 0.6322115384615384 0.030048076923076924 0.030048076923076924
0 0.5120192307692307 0.6610576923076923 0.025240384615384616 0.025240384615384616
0 0.47475961538461536 0.6418269230769231 0.018028846153846152 0.018028846153846152
0 0.36177884615384615 0.7163461538461539 0.025240384615384616 0.025240384615384616
0 0.5673076923076923 0.4338942307692308 0.020432692307692308 0.020432692307692308
0 0.9314903846153846 0.27884615384615385 0.016826923076923076 0.016826923076923076
0 0.7043269230769231 0.45552884615384615 0.30288461538461536 0.30288461538461536
0 0.8233173076923077 0.5889423076923077 0.09495192307692307 0.09495192307692307
0 0.9447115384615384 0.1622596153846154 0.051682692307692304 0.051682692307692304
0 0.9399038461538461 0.24639423076923078 0.11177884615384616 0.11177884615384616
0 0.4639423076923077 0.4879807692307692 0.018028846153846152 0.018028846153846152
0 0.4807692307692308 0.7632211538461539 0.06850961538461539 0.06850961538461539
0 0.5588942307692307 0.8112980769230769 0.016826923076923076 0.016826923076923076
0 0.6394230769230769 0.9495192307692307 0.018028846153846152 0.018028846153846152
0 0.30408653846153844 0.65625 0.020432692307692308 0.020432692307692308
0 0.27163461538461536 0.6322115384615384 0.021634615384615384 0.021634615384615384
0 0.234375 0.71875 0.039663461538461536 0.039663461538461536
0 0.23918269230769232 0.7620192307692307 0.030048076923076924 0.030048076923076924
0 0.34375 0.7980769230769231 0.021634615384615384 0.021634615384615384
0 0.3112980769230769 0.8040865384615384 0.038461538461538464 0.038461538461538464
0 0.22956730769230768 0.8497596153846154 0.03485576923076923 0.03485576923076923
0 0.1935096153846154 0.7163461538461539 0.020432692307692308 0.020432692307692308
0 0.16466346153846154 0.6045673076923077 0.018028846153846152 0.018028846153846152
0 0.19591346153846154 0.9543269230769231 0.02283653846153846 0.02283653846153846
0 0.19951923076923078 0.984375 0.018028846153846152 0.018028846153846152
0 0.265625 0.27403846153846156 0.025240384615384616 0.025240384615384616
0 0.07572115384615384 0.5288461538461539 0.026442307692307692 0.026442307692307692
0 0.06971153846153846 0.4423076923076923 0.018028846153846152 0.018028846153846152
0 0.8161057692307693 0.7920673076923077 0.02283653846153846 0.02283653846153846
0 0.46274038461538464 0.8052884615384616 0.018028846153846152 0.018028846153846152
0 0.46634615384615385 0.9495192307692307 0.018028846153846152 0.018028846153846152
0 0.6586538461538461 0.8798076923076923 0.016826923076923076 0.016826923076923076
0 0.8930288461538461 0.9026442307692307 0.038461538461538464 0.038461538461538464
0 0.796875 0.9867788461538461 0.02283653846153846 0.02283653846153846
0 0.6995192307692307 0.8810096153846154 0.016826923076923076 0.016826923076923076
0 0.5276442307692307 0.01201923076923077 0.018028846153846152 0.018028846153846152
0 0.3870192307692308 0.36899038461538464 0.06850961538461539 0.06850961538461539
0 0.32211538461538464 0.35336538461538464 0.06370192307692307 0.06370192307692307