0 0.5144230769230769 0.04447115384615385 0.08774038461538461 0.08774038461538461
0 0.5228365384615384 0.11298076923076923 0.030048076923076924 0.030048076923076924
0 0.5168269230769231 0.16466346153846154 0.025240384615384616 0.025240384615384616
0 0.6177884615384616 0.140625 0.018028846153846152 0.018028846153846152
0 0.5889423076923077 0.11298076923076923 0.020432692307692308 0.020432692307692308
0 0.48197115384615385 0.10336538461538461 0.06370192307692307 0.06370192307692307
0 0.39302884615384615 0.08774038461538461 0.07692307692307693 0.07692307692307693
0 0.3425480769230769 0.04807692307692308 0.028846153846153848 0.028846153846153848
0 0.30288461538461536 0.0733173076923077 0.020432692307692308 0.020432692307692308
0 0.27884615384615385 0.0985576923076923 0.018028846153846152 0.018028846153846152
0 0.0829326923076923 0.03245192307692308 0.04326923076923077 0.04326923076923077
0 0.07932692307692307 0.15384615384615385 0.09615384615384616 0.09615384615384616
0 0.24158653846153846 0.04567307692307692 0.020432692307692308 0.020432692307692308
0 0.11778846153846154 0.08052884615384616 0.025240384615384616 0.025240384615384616
0 0.1466346153846154 0.23317307692307693 0.038461538461538464 0.038461538461538464
0 0.09615384615384616 0.2704326923076923 0.04326923076923077 0.04326923076923077
0 0.11057692307692307 0.28365384615384615 0.02283653846153846 0.02283653846153846
0 0.21875 0.20432692307692307 0.018028846153846152 0.018028846153846152
0 0.27163461538461536 0.25600961538461536 0.03485576923076923 0.03485576923076923
0 0.33774038461538464 0.203125 0.026442307692307692 0.026442307692307692
0 0.3233173076923077 0.2247596153846154 0.020432692307692308 0.020432692307692308
0 0.3545673076923077 0.25961538461538464 0.025240384615384616 0.025240384615384616
0 0.3485576923076923 0.23197115384615385 0.038461538461538464 0.038461538461538464
0 0.37259615384615385 0.20432692307692307 0.03365384615384615 0.03365384615384615
0 0.42908653846153844 0.21875 0.03365384615384615 0.03365384615384615
0 0.4519230769230769 0.24158653846153846 0.028846153846153848 0.028846153846153848
0 0.6778846153846154 0.10817307692307693 0.04807692307692308 0.04807692307692308
0 0.7295673076923077 0.20552884615384615 0.06370192307692307 0.06370192307692307
0 0.6923076923076923 0.18389423076923078 0.021634615384615384 0.021634615384615384
0 0.7415865384615384 0.15625 0.055288461538461536 0.055288461538461536
0 0.8377403846153846 0.13942307692307693 0.025240384615384616 0.025240384615384616
0 0.8737980769230769 0.234375 0.046875 0.046875
0 0.8028846153846154 0.25961538461538464 0.021634615384615384 0.021634615384615384
0 0.6947115384615384 0.2512019230769231 0.021634615384615384 0.021634615384615384
0 0.6502403846153846 0.2403846153846154 0.038461538461538464 0.038461538461538464
0 0.6021634615384616 0.2536057692307692 0.020432692307692308 0.020432692307692308
0 0.4807692307692308 0.21514423076923078 0.018028846153846152 0.018028846153846152
0 0.8377403846153846 0.27163461538461536 0.04326923076923077 0.04326923076923077
0 0.6670673076923077 0.2704326923076923 0.018028846153846152 0.018028846153846152
0 0.6442307692307693 0.27403846153846156 0.021634615384615384 0.021634615384615384
0 0.9387019230769231 0.18629807692307693 0.018028846153846152 0.018028846153846152
0 0.6947115384615384 0.051682692307692304 0.07451923076923077 0.07451923076923077
0 0.9555288461538461 0.09495192307692307 0.042067307692307696 0.042067307692307696
0 0.9206730769230769 0.1658653846153846 0.018028846153846152 0.018028846153846152
0 0.8822115384615384 0.14783653846153846 0.03125 0.03125
0 0.9098557692307693 0.27884615384615385 0.028846153846153848 0.028846153846153848
0 0.8004807692307693 0.30288461538461536 0.020432692307692308 0.020432692307692308
0 0.7956730769230769 0.328125 0.04807692307692308 0.04807692307692308
0 0.9459134615384616 0.39302884615384615 0.016826923076923076 0.016826923076923076
0 0.9146634615384616 0.36778846153846156 0.046875 0.046875
0 0.8894230769230769 0.41947115384615385 0.026442307692307692 0.026442307692307692
0 0.9591346153846154 0.5096153846153846 0.028846153846153848 0.028846153846153848
0 0.9278846153846154 0.5528846153846154 0.018028846153846152 0.018028846153846152
0 0.9435096153846154 0.5420673076923077 0.039663461538461536 0.039663461538461536
0 0.8449519230769231 0.5372596153846154 0.025240384615384616 0.025240384615384616
0 0.796875 0.5180288461538461 0.05048076923076923 0.05048076923076923
0 0.8112980769230769 0.5673076923076923 0.03485576923076923 0.03485576923076923
0 0.8774038461538461 0.6430288461538461 0.02283653846153846 0.02283653846153846
0 0.9387019230769231 0.6322115384615384 0.025240384615384616 0.025240384615384616
0 0.8930288461538461 0.5456730769230769 0.05889423076923077 0.05889423076923077
0 0.9362980769230769 0.47836538461538464 0.016826923076923076 0.016826923076923076
0 0.8329326923076923 0.7079326923076923 0.038461538461538464 0.038461538461538464
0 0.7872596153846154 0.6730769230769231 0.04326923076923077 0.04326923076923077
0 0.7319711538461539 0.6358173076923077 0.16826923076923078 0.16826923076923078
0 0.6887019230769231 0.6298076923076923 0.020432692307692308 0.020432692307692308
0 0.8521634615384616 0.7860576923076923 0.06370192307692307 0.06370192307692307
0 0.8088942307692307 0.7572115384615384 0.020432692307692308 0.020432692307692308
0 0.9603365384615384 0.6875 0.018028846153846152 0.018028846153846152
0 0.9771634615384616 0.6995192307692307 0.025240384615384616 0.025240384615384616
0 0.9867788461538461 0.6802884615384616 0.021634615384615384 0.021634615384615384
0 0.6706730769230769 0.8377403846153846 0.056490384615384616 0.056490384615384616
0 0.6658653846153846 0.8016826923076923 0.025240384615384616 0.025240384615384616
0 0.6502403846153846 0.8221153846153846 0.06129807692307692 0.06129807692307692
0 0.6478365384615384 0.7728365384615384 0.020432692307692308 0.020432692307692308
0 0.6021634615384616 0.7764423076923077 0.030048076923076924 0.030048076923076924
0 0.5588942307692307 0.7536057692307693 0.016826923076923076 0.016826923076923076
0 0.5901442307692307 0.7079326923076923 0.018028846153846152 0.018028846153846152
0 0.6105769230769231 0.6274038461538461 0.020432692307692308 0.020432692307692308
0 0.8377403846153846 0.9302884615384616 0.018028846153846152 0.018028846153846152
0 0.8641826923076923 0.9375 0.10336538461538461 0.10336538461538461
0 0.7536057692307693 0.8497596153846154 0.025240384615384616 0.025240384615384616
0 0.7319711538461539 0.8954326923076923 0.021634615384615384 0.021634615384615384
0 0.6069711538461539 0.9507211538461539 0.020432692307692308 0.020432692307692308
0 0.5949519230769231 0.8737980769230769 0.016826923076923076 0.016826923076923076
0 0.8004807692307693 0.40865384615384615 0.046875 0.046875
0 0.6959134615384616 0.47716346153846156 0.055288461538461536 0.055288461538461536
0 0.6923076923076923 0.5168269230769231 0.028846153846153848 0.028846153846153848
0 0.5721153846153846 0.6634615384615384 0.016826923076923076 0.016826923076923076
0 0.5733173076923077 0.6322115384615384 0.02283653846153846 0.02283653846153846
0 0.48197115384615385 0.7620192307692307 0.016826923076923076 0.016826923076923076
0 0.27524038461538464 0.6742788461538461 0.026442307692307692 0.026442307692307692
0 0.42427884615384615 0.5084134615384616 0.07211538461538461 0.07211538461538461
0 0.35096153846153844 0.45552884615384615 0.02283653846153846 0.02283653846153846
0 0.3245192307692308 0.30528846153846156 0.018028846153846152 0.018028846153846152
0 0.15625 0.34615384615384615 0.06370192307692307 0.06370192307692307
0 0.18870192307692307 0.2920673076923077 0.06610576923076923 0.06610576923076923
0 0.24639423076923078 0.3605769230769231 0.051682692307692304 0.051682692307692304
0 0.22596153846153846 0.4230769230769231 0.051682692307692304 0.051682692307692304
0 0.12139423076923077 0.5576923076923077 0.11298076923076923 0.11298076923076923
0 0.15504807692307693 0.6610576923076923 0.030048076923076924 0.030048076923076924
0 0.12980769230769232 0.6622596153846154 0.016826923076923076 0.016826923076923076
0 0.1971153846153846 0.6394230769230769 0.03365384615384615 0.03365384615384615
0 0.421875 0.5913461538461539 0.0985576923076923 0.0985576923076923
0 0.3605769230769231 0.5805288461538461 0.016826923076923076 0.016826923076923076
0 0.2608173076923077 0.46153846153846156 0.020432692307692308 0.020432692307692308
0 0.19831730769230768 0.48197115384615385 0.09495192307692307 0.09495192307692307
0 0.17548076923076922 0.53125 0.03125 0.03125
0 0.42908653846153844 0.44711538461538464 0.046875 0.046875
0 0.2932692307692308 0.4254807692307692 0.030048076923076924 0.030048076923076924
0 0.5829326923076923 0.49038461538461536 0.030048076923076924 0.030048076923076924
0 0.47716346153846156 0.5024038461538461 0.02283653846153846 0.02283653846153846
0 0.6394230769230769 0.48197115384615385 0.04447115384615385 0.04447115384615385
0 0.6490384615384616 0.4519230769230769 0.042067307692307696 0.042067307692307696
0 0.6466346153846154 0.4110576923076923 0.020432692307692308 0.020432692307692308
0 0.6899038461538461 0.35697115384615385 0.020432692307692308 0.020432692307692308
0 0.5612980769230769 0.3173076923076923 0.021634615384615384 0.021634615384615384
0 0.5420673076923077 0.34375 0.02283653846153846 0.02283653846153846
0 0.328125 0.4074519230769231 0.04447115384615385 0.04447115384615385
0 0.3641826923076923 0.5252403846153846 0.018028846153846152 0.018028846153846152
0 0.22115384615384615 0.5769230769230769 0.020432692307692308 0.020432692307692308
0 0.27283653846153844 0.5637019230769231 0.056490384615384616 0.056490384615384616
0 0.25600961538461536 0.5913461538461539 0.018028846153846152 0.018028846153846152
0 0.7199519230769231 0.38221153846153844 0.026442307692307692 0.026442307692307692
0 0.6971153846153846 0.4375 0.018028846153846152 0.018028846153846152
0 0.21153846153846154 0.7259615384615384 0.025240384615384616 0.025240384615384616
0 0.0625 0.8569711538461539 0.021634615384615384 0.021634615384615384
0 0.13701923076923078 0.7824519230769231 0.04807692307692308 0.04807692307692308
0 0.23798076923076922 0.7620192307692307 0.08774038461538461 0.08774038461538461
0 0.35697115384615385 0.8197115384615384 0.06009615384615385 0.06009615384615385
0 0.234375 0.8786057692307693 0.07211538461538461 0.07211538461538461
0 0.2127403846153846 0.8088942307692307 0.03365384615384615 0.03365384615384615
0 0.1658653846153846 0.8269230769230769 0.016826923076923076 0.016826923076923076
0 0.14903846153846154 0.8473557692307693 0.020432692307692308 0.020432692307692308
0 0.13942307692307693 0.7163461538461539 0.08774038461538461 0.08774038461538461
0 0.12259615384615384 0.8245192307692307 0.03485576923076923 0.03485576923076923
0 0.17668269230769232 0.8545673076923077 0.03125 0.03125
0 0.125 0.8978365384615384 0.04326923076923077 0.04326923076923077
0 0.1310096153846154 0.8677884615384616 0.026442307692307692 0.026442307692307692
0 0.03125 0.5408653846153846 0.026442307692307692 0.026442307692307692
0 0.06129807692307692 0.5012019230769231 0.02283653846153846 0.02283653846153846
0 0.23197115384615385 0.6971153846153846 0.018028846153846152 0.018028846153846152
0 0.4254807692307692 0.8990384615384616 0.021634615384615384 0.021634615384615384
0 0.4375 0.9675480769230769 0.03365384615384615 0.03365384615384615
0 0.22115384615384615 0.9555288461538461 0.020432692307692308 0.020432692307692308
0 0.16826923076923078 0.9194711538461539 0.06009615384615385 0.06009615384615385
0 0.11899038461538461 0.9278846153846154 0.05048076923076923 0.05048076923076923
0 0.04927884615384615 0.9399038461538461 0.06490384615384616 0.06490384615384616
0 0.06610576923076923 0.8413461538461539 0.125 0.125
0 0.3894230769230769 0.7848557692307693 0.052884615384615384 0.052884615384615384
0 0.14302884615384615 0.9759615384615384 0.030048076923076924 0.030048076923076924
0 0.46274038461538464 0.9038461538461539 0.020432692307692308 0.020432692307692308
0 0.48677884615384615 0.9086538461538461 0.018028846153846152 0.018028846153846152
0 0.4855769230769231 0.9266826923076923 0.02283653846153846 0.02283653846153846
0 0.5096153846153846 0.8629807692307693 0.02283653846153846 0.02283653846153846
0 0.5024038461538461 0.8870192307692307 0.020432692307692308 0.020432692307692308
0 0.4879807692307692 0.8677884615384616 0.018028846153846152 0.018028846153846152
0 0.46634615384615385 0.8798076923076923 0.025240384615384616 0.025240384615384616
0 0.9194711538461539 0.9675480769230769 0.030048076923076924 0.030048076923076924
0 0.04807692307692308 0.41346153846153844 0.04807692307692308 0.04807692307692308
0 0.05889423076923077 0.44591346153846156 0.051682692307692304 0.051682692307692304
0 0.0829326923076923 0.47115384615384615 0.020432692307692308 0.020432692307692308
0 0.4699519230769231 0.7752403846153846 0.016826923076923076 0.016826923076923076