0 0.4795673076923077 0.19471153846153846 0.3245192307692308 0.3245192307692308
0 0.27524038461538464 0.07091346153846154 0.018028846153846152 0.018028846153846152
0 0.3269230769230769 0.07451923076923077 0.018028846153846152 0.018028846153846152
0 0.33052884615384615 0.09134615384615384 0.02283653846153846 0.02283653846153846
0 0.2860576923076923 0.15144230769230768 0.02283653846153846 0.02283653846153846
0 0.1875 0.14182692307692307 0.018028846153846152 0.018028846153846152
0 0.2283653846153846 0.19471153846153846 0.020432692307692308 0.020432692307692308
0 0.05048076923076923 0.16466346153846154 0.06490384615384616 0.06490384615384616
0 0.016826923076923076 0.018028846153846152 0.021634615384615384 0.021634615384615384
0 0.5288461538461539 0.25 0.04326923076923077 0.04326923076923077
0 0.9050480769230769 0.4254807692307692 0.020432692307692308 0.020432692307692308
0 0.9338942307692307 0.5588942307692307 0.03125 0.03125
0 0.9158653846153846 0.6430288461538461 0.052884615384615384 0.052884615384615384
0 0.9206730769230769 0.6814903846153846 0.03485576923076923 0.03485576923076923
0 0.9795673076923077 0.7019230769230769 0.039663461538461536 0.039663461538461536
0 0.7475961538461539 0.5300480769230769 0.030048076923076924 0.030048076923076924
0 0.7367788461538461 0.6454326923076923 0.04326923076923077 0.04326923076923077
0 0.9495192307692307 0.8954326923076923 0.028846153846153848 0.028846153846153848
0 0.8161057692307693 0.8485576923076923 0.055288461538461536 0.055288461538461536
0 0.8161057692307693 0.8221153846153846 0.020432692307692308 0.020432692307692308
0 0.8257211538461539 0.7956730769230769 0.06009615384615385 0.06009615384615385
0 0.5120192307692307 0.5180288461538461 0.12139423076923077 0.12139423076923077
0 0.4411057692307692 0.53125 0.030048076923076924 0.030048076923076924
0 0.5552884615384616 0.4519230769230769 0.020432692307692308 0.020432692307692308
0 0.5084134615384616 0.7271634615384616 0.03365384615384615 0.03365384615384615
0 0.34975961538461536 0.44471153846153844 0.030048076923076924 0.030048076923076924
0 0.3449519230769231 0.4050480769230769 0.020432692307692308 0.020432692307692308
0 0.3545673076923077 0.4182692307692308 0.025240384615384616 0.025240384615384616
0 0.43990384615384615 0.44471153846153844 0.042067307692307696 0.042067307692307696
0 0.34975961538461536 0.3004807692307692 0.025240384615384616 0.025240384615384616
0 0.2512019230769231 0.3545673076923077 0.078125 0.078125
0 0.21033653846153846 0.28725961538461536 0.039663461538461536 0.039663461538461536
0 0.23197115384615385 0.2512019230769231 0.018028846153846152 0.018028846153846152
0 0.09615384615384616 0.33413461538461536 0.055288461538461536 0.055288461538461536
0 0.0889423076923077 0.30408653846153844 0.016826923076923076 0.016826923076923076
0 0.16105769230769232 0.35697115384615385 0.016826923076923076 0.016826923076923076
0 0.13822115384615385 0.3329326923076923 0.021634615384615384 0.021634615384615384
0 0.20192307692307693 0.47475961538461536 0.025240384615384616 0.025240384615384616
0 0.22115384615384615 0.5829326923076923 0.046875 0.046875
0 0.16105769230769232 0.7223557692307693 0.1201923076923077 0.1201923076923077
0 0.23677884615384615 0.6454326923076923 0.1045673076923077 0.1045673076923077
0 0.2608173076923077 0.4987980769230769 0.22956730769230768 0.22956730769230768
0 0.20432692307692307 0.40384615384615385 0.020432692307692308 0.020432692307692308
0 0.046875 0.6706730769230769 0.025240384615384616 0.025240384615384616
0 0.07932692307692307 0.6995192307692307 0.09014423076923077 0.09014423076923077
0 0.08052884615384616 0.6430288461538461 0.04807692307692308 0.04807692307692308
0 0.7079326923076923 0.34975961538461536 0.03125 0.03125
0 0.12740384615384615 0.8846153846153846 0.0985576923076923 0.0985576923076923
0 0.37740384615384615 0.9146634615384616 0.021634615384615384 0.021634615384615384
0 0.46875 0.8605769230769231 0.02283653846153846 0.02283653846153846
0 0.5396634615384616 0.8341346153846154 0.018028846153846152 0.018028846153846152
0 0.5480769230769231 0.9663461538461539 0.055288461538461536 0.055288461538461536
0 0.140625 0.9639423076923077 0.05048076923076923 0.05048076923076923
0 0.7776442307692307 0.9495192307692307 0.025240384615384616 0.025240384615384616
0 0.7740384615384616 0.8822115384615384 0.025240384615384616 0.025240384615384616
0 0.8641826923076923 0.2920673076923077 0.09615384615384616 0.09615384615384616
0 0.7355769230769231 0.7415865384615384 0.018028846153846152 0.018028846153846152
0 0.625 0.47716346153846156 0.10697115384615384 0.10697115384615384
0 0.47836538461538464 0.796875 0.021634615384615384 0.021634615384615384