0 0.10336538461538461 0.14543269230769232 0.04326923076923077 0.04326923076923077
0 0.09134615384615384 0.1875 0.07211538461538461 0.07211538461538461
0 0.25961538461538464 0.05048076923076923 0.06971153846153846 0.06971153846153846
0 0.27524038461538464 0.08774038461538461 0.026442307692307692 0.026442307692307692
0 0.28365384615384615 0.12740384615384615 0.028846153846153848 0.028846153846153848
0 0.20072115384615385 0.12379807692307693 0.016826923076923076 0.016826923076923076
0 0.17307692307692307 0.21153846153846154 0.038461538461538464 0.038461538461538464
0 0.20552884615384615 0.21875 0.026442307692307692 0.026442307692307692
0 0.12980769230769232 0.23557692307692307 0.039663461538461536 0.039663461538461536
0 0.0829326923076923 0.25600961538461536 0.016826923076923076 0.016826923076923076
0 0.17067307692307693 0.2668269230769231 0.06129807692307692 0.06129807692307692
0 0.11057692307692307 0.3004807692307692 0.028846153846153848 0.028846153846153848
0 0.10336538461538461 0.3161057692307692 0.026442307692307692 0.026442307692307692
0 0.07451923076923077 0.2932692307692308 0.025240384615384616 0.025240384615384616
0 0.046875 0.28966346153846156 0.025240384615384616 0.025240384615384616
0 0.06129807692307692 0.13221153846153846 0.026442307692307692 0.026442307692307692
0 0.04447115384615385 0.15144230769230768 0.026442307692307692 0.026442307692307692
0 0.16706730769230768 0.06370192307692307 0.021634615384615384 0.021634615384615384
0 0.13221153846153846 0.10336538461538461 0.03485576923076923 0.03485576923076923
0 0.31009615384615385 0.052884615384615384 0.028846153846153848 0.028846153846153848
0 0.3545673076923077 0.0625 0.030048076923076924 0.030048076923076924
0 0.46153846153846156 0.06610576923076923 0.037259615384615384 0.037259615384615384
0 0.4411057692307692 0.04567307692307692 0.021634615384615384 0.021634615384615384
0 0.4375 0.16947115384615385 0.028846153846153848 0.028846153846153848
0 0.39903846153846156 0.10576923076923077 0.02283653846153846 0.02283653846153846
0 0.4879807692307692 0.2980769230769231 0.02283653846153846 0.02283653846153846
0 0.47836538461538464 0.31971153846153844 0.02283653846153846 0.02283653846153846
0 0.4254807692307692 0.35336538461538464 0.020432692307692308 0.020432692307692308
0 0.32211538461538464 0.36177884615384615 0.026442307692307692 0.026442307692307692
0 0.17067307692307693 0.35697115384615385 0.021634615384615384 0.021634615384615384
0 0.12620192307692307 0.35216346153846156 0.03125 0.03125
0 0.030048076923076924 0.36658653846153844 0.020432692307692308 0.020432692307692308
0 0.08052884615384616 0.375 0.025240384615384616 0.025240384615384616
0 0.5372596153846154 0.31850961538461536 0.039663461538461536 0.039663461538461536
0 0.5985576923076923 0.33533653846153844 0.0985576923076923 0.0985576923076923
0 0.5144230769230769 0.25841346153846156 0.018028846153846152 0.018028846153846152
0 0.7163461538461539 0.2620192307692308 0.021634615384615384 0.021634615384615384
0 0.6947115384615384 0.2608173076923077 0.06850961538461539 0.06850961538461539
0 0.7415865384615384 0.2932692307692308 0.06490384615384616 0.06490384615384616
0 0.8028846153846154 0.31971153846153844 0.08653846153846154 0.08653846153846154
0 0.8641826923076923 0.2692307692307692 0.06850961538461539 0.06850961538461539
0 0.7439903846153846 0.11057692307692307 0.03365384615384615 0.03365384615384615
0 0.7283653846153846 0.12980769230769232 0.038461538461538464 0.038461538461538464
0 0.75 0.15865384615384615 0.11057692307692307 0.11057692307692307
0 0.7824519230769231 0.22115384615384615 0.05889423076923077 0.05889423076923077
0 0.6887019230769231 0.12860576923076922 0.03365384615384615 0.03365384615384615
0 0.6706730769230769 0.10096153846153846 0.02283653846153846 0.02283653846153846
0 0.6586538461538461 0.052884615384615384 0.037259615384615384 0.037259615384615384
0 0.59375 0.021634615384615384 0.03365384615384615 0.03365384615384615
0 0.5036057692307693 0.06490384615384616 0.02283653846153846 0.02283653846153846
0 0.6153846153846154 0.109375 0.06610576923076923 0.06610576923076923
0 0.6887019230769231 0.0829326923076923 0.020432692307692308 0.020432692307692308
0 0.7211538461538461 0.06370192307692307 0.025240384615384616 0.025240384615384616
0 0.6742788461538461 0.36778846153846156 0.037259615384615384 0.037259615384615384
0 0.6646634615384616 0.34615384615384615 0.021634615384615384 0.021634615384615384
0 0.8701923076923077 0.33774038461538464 0.028846153846153848 0.028846153846153848
0 0.7992788461538461 0.026442307692307692 0.021634615384615384 0.021634615384615384
0 0.8653846153846154 0.17067307692307693 0.025240384615384616 0.025240384615384616
0 0.9771634615384616 0.17548076923076922 0.020432692307692308 0.020432692307692308
0 0.9579326923076923 0.08653846153846154 0.04807692307692308 0.04807692307692308
0 0.9194711538461539 0.08052884615384616 0.026442307692307692 0.026442307692307692
0 0.9747596153846154 0.12860576923076922 0.03125 0.03125
0 0.9507211538461539 0.25841346153846156 0.03365384615384615 0.03365384615384615
0 0.9855769230769231 0.0829326923076923 0.021634615384615384 0.021634615384615384
0 0.9254807692307693 0.042067307692307696 0.025240384615384616 0.025240384615384616
0 0.7836538461538461 0.5637019230769231 0.026442307692307692 0.026442307692307692
0 0.6995192307692307 0.5637019230769231 0.09134615384615384 0.09134615384615384
0 0.8822115384615384 0.5096153846153846 0.07451923076923077 0.07451923076923077
0 0.9387019230769231 0.5096153846153846 0.028846153846153848 0.028846153846153848
0 0.9146634615384616 0.46033653846153844 0.030048076923076924 0.030048076923076924
0 0.9771634615384616 0.49158653846153844 0.03125 0.03125
0 0.9627403846153846 0.5168269230769231 0.020432692307692308 0.020432692307692308
0 0.9819711538461539 0.5697115384615384 0.021634615384615384 0.021634615384615384
0 0.9651442307692307 0.6129807692307693 0.039663461538461536 0.039663461538461536
0 0.9603365384615384 0.6862980769230769 0.0733173076923077 0.0733173076923077
0 0.8557692307692307 0.6682692307692307 0.016826923076923076 0.016826923076923076
0 0.8149038461538461 0.6838942307692307 0.025240384615384616 0.025240384615384616
0 0.8485576923076923 0.6045673076923077 0.028846153846153848 0.028846153846153848
0 0.8221153846153846 0.6189903846153846 0.020432692307692308 0.020432692307692308
0 0.75 0.6177884615384616 0.08533653846153846 0.08533653846153846
0 0.7295673076923077 0.6754807692307693 0.11298076923076923 0.11298076923076923
0 0.6754807692307693 0.6262019230769231 0.025240384615384616 0.025240384615384616
0 0.6286057692307693 0.6790865384615384 0.030048076923076924 0.030048076923076924
0 0.8605769230769231 0.7355769230769231 0.07451923076923077 0.07451923076923077
0 0.8245192307692307 0.7596153846153846 0.1045673076923077 0.1045673076923077
0 0.9194711538461539 0.5997596153846154 0.03485576923076923 0.03485576923076923
0 0.9483173076923077 0.5721153846153846 0.04807692307692308 0.04807692307692308
0 0.9230769230769231 0.5360576923076923 0.051682692307692304 0.051682692307692304
0 0.9098557692307693 0.5805288461538461 0.02283653846153846 0.02283653846153846
0 0.7944711538461539 0.41947115384615385 0.18028846153846154 0.18028846153846154
0 0.9338942307692307 0.7451923076923077 0.03125 0.03125
0 0.8858173076923077 0.8245192307692307 0.0829326923076923 0.0829326923076923
0 0.8245192307692307 0.8209134615384616 0.028846153846153848 0.028846153846153848
0 0.7872596153846154 0.8677884615384616 0.04447115384615385 0.04447115384615385
0 0.6490384615384616 0.8545673076923077 0.04807692307692308 0.04807692307692308
0 0.6274038461538461 0.8161057692307693 0.021634615384615384 0.021634615384615384
0 0.7680288461538461 0.8040865384615384 0.028846153846153848 0.028846153846153848
0 0.828125 0.8713942307692307 0.018028846153846152 0.018028846153846152
0 0.8473557692307693 0.8569711538461539 0.018028846153846152 0.018028846153846152
0 0.9338942307692307 0.8846153846153846 0.037259615384615384 0.037259615384615384
0 0.9362980769230769 0.9158653846153846 0.018028846153846152 0.018028846153846152
0 0.8016826923076923 0.9110576923076923 0.039663461538461536 0.039663461538461536
0 0.7067307692307693 0.8197115384615384 0.08173076923076923 0.08173076923076923
0 0.8713942307692307 0.9170673076923077 0.042067307692307696 0.042067307692307696
0 0.5913461538461539 0.5408653846153846 0.020432692307692308 0.020432692307692308
0 0.5288461538461539 0.4735576923076923 0.03125 0.03125
0 0.49759615384615385 0.4963942307692308 0.021634615384615384 0.021634615384615384
0 0.5072115384615384 0.5576923076923077 0.042067307692307696 0.042067307692307696
0 0.46153846153846156 0.5829326923076923 0.03125 0.03125
0 0.5396634615384616 0.5877403846153846 0.02283653846153846 0.02283653846153846
0 0.5144230769230769 0.5997596153846154 0.021634615384615384 0.021634615384615384
0 0.6021634615384616 0.40625 0.04326923076923077 0.04326923076923077
0 0.6430288461538461 0.40865384615384615 0.039663461538461536 0.039663461538461536
0 0.6045673076923077 0.4651442307692308 0.02283653846153846 0.02283653846153846
0 0.1814903846153846 0.4170673076923077 0.038461538461538464 0.038461538461538464
0 0.14302884615384615 0.43149038461538464 0.03125 0.03125
0 0.11658653846153846 0.39663461538461536 0.042067307692307696 0.042067307692307696
0 0.13701923076923078 0.5721153846153846 0.051682692307692304 0.051682692307692304
0 0.11538461538461539 0.5528846153846154 0.04447115384615385 0.04447115384615385
0 0.09254807692307693 0.5252403846153846 0.04326923076923077 0.04326923076923077
0 0.16105769230769232 0.6862980769230769 0.03485576923076923 0.03485576923076923
0 0.08653846153846154 0.7019230769230769 0.03365384615384615 0.03365384615384615
0 0.2512019230769231 0.8028846153846154 0.02283653846153846 0.02283653846153846
0 0.33533653846153844 0.7151442307692307 0.018028846153846152 0.018028846153846152
0 0.5 0.6947115384615384 0.026442307692307692 0.026442307692307692
0 0.4519230769230769 0.6201923076923077 0.021634615384615384 0.021634615384615384
0 0.4723557692307692 0.5264423076923077 0.03125 0.03125
0 0.4230769230769231 0.7920673076923077 0.05048076923076923 0.05048076923076923
0 0.40865384615384615 0.7475961538461539 0.037259615384615384 0.037259615384615384
0 0.34615384615384615 0.7127403846153846 0.09134615384615384 0.09134615384615384
0 0.3112980769230769 0.6346153846153846 0.020432692307692308 0.020432692307692308
0 0.26802884615384615 0.703125 0.020432692307692308 0.020432692307692308
0 0.2668269230769231 0.6370192307692307 0.028846153846153848 0.028846153846153848
0 0.28365384615384615 0.6682692307692307 0.039663461538461536 0.039663461538461536
0 0.30288461538461536 0.7175480769230769 0.052884615384615384 0.052884615384615384
0 0.3389423076923077 0.796875 0.0829326923076923 0.0829326923076923
0 0.20432692307692307 0.45552884615384615 0.04326923076923077 0.04326923076923077
0 0.07451923076923077 0.5721153846153846 0.039663461538461536 0.039663461538461536
0 0.21394230769230768 0.5204326923076923 0.030048076923076924 0.030048076923076924
0 0.21995192307692307 0.5540865384615384 0.020432692307692308 0.020432692307692308
0 0.234375 0.5697115384615384 0.016826923076923076 0.016826923076923076
0 0.12620192307692307 0.46274038461538464 0.037259615384615384 0.037259615384615384
0 0.06370192307692307 0.42788461538461536 0.021634615384615384 0.021634615384615384
0 0.27283653846153844 0.21995192307692307 0.018028846153846152 0.018028846153846152
0 0.16826923076923078 0.8137019230769231 0.02283653846153846 0.02283653846153846
0 0.12139423076923077 0.8521634615384616 0.02283653846153846 0.02283653846153846
0 0.15384615384615385 0.84375 0.03125 0.03125
0 0.15865384615384615 0.8786057692307693 0.028846153846153848 0.028846153846153848
0 0.1875 0.8545673076923077 0.03485576923076923 0.03485576923076923
0 0.19951923076923078 0.828125 0.028846153846153848 0.028846153846153848
0 0.5288461538461539 0.7259615384615384 0.021634615384615384 0.021634615384615384
0 0.3605769230769231 0.8461538461538461 0.06850961538461539 0.06850961538461539
0 0.2956730769230769 0.8497596153846154 0.039663461538461536 0.039663461538461536
0 0.21875 0.8521634615384616 0.03485576923076923 0.03485576923076923
0 0.2439903846153846 0.8665865384615384 0.030048076923076924 0.030048076923076924
0 0.2704326923076923 0.8653846153846154 0.020432692307692308 0.020432692307692308
0 0.3245192307692308 0.8822115384615384 0.026442307692307692 0.026442307692307692
0 0.09615384615384616 0.8353365384615384 0.028846153846153848 0.028846153846153848
0 0.13942307692307693 0.7836538461538461 0.020432692307692308 0.020432692307692308
0 0.29447115384615385 0.7704326923076923 0.018028846153846152 0.018028846153846152
0 0.16346153846153846 0.6286057692307693 0.020432692307692308 0.020432692307692308
0 0.08413461538461539 0.6105769230769231 0.025240384615384616 0.025240384615384616
0 0.13942307692307693 0.49038461538461536 0.078125 0.078125
0 0.09375 0.4411057692307692 0.03125 0.03125
0 0.0829326923076923 0.4807692307692308 0.04326923076923077 0.04326923076923077
0 0.9098557692307693 0.7680288461538461 0.05048076923076923 0.05048076923076923
0 0.4362980769230769 0.9507211538461539 0.016826923076923076 0.016826923076923076
0 0.41466346153846156 0.9086538461538461 0.020432692307692308 0.020432692307692308
0 0.42427884615384615 0.9086538461538461 0.07692307692307693 0.07692307692307693
0 0.1502403846153846 0.9362980769230769 0.026442307692307692 0.026442307692307692
0 0.14423076923076922 0.9567307692307693 0.03365384615384615 0.03365384615384615
0 0.09375 0.9723557692307693 0.03365384615384615 0.03365384615384615
0 0.04567307692307692 0.9387019230769231 0.026442307692307692 0.026442307692307692
0 0.34375 0.9747596153846154 0.04447115384615385 0.04447115384615385
0 0.18629807692307693 0.9747596153846154 0.03365384615384615 0.03365384615384615
0 0.09375 0.9362980769230769 0.02283653846153846 0.02283653846153846
0 0.21754807692307693 0.8978365384615384 0.020432692307692308 0.020432692307692308
0 0.22235576923076922 0.9459134615384616 0.06971153846153846 0.06971153846153846
0 0.23798076923076922 0.9819711538461539 0.021634615384615384 0.021634615384615384
0 0.453125 0.9435096153846154 0.06610576923076923 0.06610576923076923
0 0.7836538461538461 0.9579326923076923 0.016826923076923076 0.016826923076923076
0 0.14783653846153846 0.38341346153846156 0.04807692307692308 0.04807692307692308