0 0.09375 0.13581730769230768 0.025240384615384616 0.025240384615384616
0 0.11057692307692307 0.09735576923076923 0.06850961538461539 0.06850961538461539
0 0.12740384615384615 0.28966346153846156 0.046875 0.046875
0 0.06971153846153846 0.3269230769230769 0.05889423076923077 0.05889423076923077
0 0.5913461538461539 0.13701923076923078 0.016826923076923076 0.016826923076923076
0 0.4723557692307692 0.17548076923076922 0.06129807692307692 0.06129807692307692
0 0.5144230769230769 0.28725961538461536 0.02283653846153846 0.02283653846153846
0 0.3786057692307692 0.4254807692307692 0.04326923076923077 0.04326923076923077
0 0.3389423076923077 0.4254807692307692 0.025240384615384616 0.025240384615384616
0 0.3245192307692308 0.4050480769230769 0.030048076923076924 0.030048076923076924
0 0.3112980769230769 0.4411057692307692 0.06971153846153846 0.06971153846153846
0 0.2776442307692308 0.3449519230769231 0.020432692307692308 0.020432692307692308
0 0.14783653846153846 0.4519230769230769 0.10336538461538461 0.10336538461538461
0 0.2536057692307692 0.5336538461538461 0.17668269230769232 0.17668269230769232
0 0.22716346153846154 0.4362980769230769 0.030048076923076924 0.030048076923076924
0 0.48197115384615385 0.5552884615384616 0.17668269230769232 0.17668269230769232
0 0.04326923076923077 0.47475961538461536 0.028846153846153848 0.028846153846153848
0 0.5673076923076923 0.33774038461538464 0.03125 0.03125
0 0.6875 0.3004807692307692 0.09495192307692307 0.09495192307692307
0 0.7355769230769231 0.34615384615384615 0.026442307692307692 0.026442307692307692
0 0.7788461538461539 0.3401442307692308 0.020432692307692308 0.020432692307692308
0 0.7944711538461539 0.46875 0.018028846153846152 0.018028846153846152
0 0.7103365384615384 0.45552884615384615 0.03365384615384615 0.03365384615384615
0 0.6670673076923077 0.47716346153846156 0.016826923076923076 0.016826923076923076
0 0.7235576923076923 0.42788461538461536 0.18509615384615385 0.18509615384615385
0 0.8137019230769231 0.5072115384615384 0.025240384615384616 0.025240384615384616
0 0.5961538461538461 0.5180288461538461 0.021634615384615384 0.021634615384615384
0 0.5480769230769231 0.4411057692307692 0.02283653846153846 0.02283653846153846
0 0.6033653846153846 0.27163461538461536 0.09615384615384616 0.09615384615384616
0 0.4735576923076923 0.34375 0.10697115384615384 0.10697115384615384
0 0.44591346153846156 0.21754807692307693 0.03125 0.03125
0 0.9711538461538461 0.14903846153846154 0.016826923076923076 0.016826923076923076
0 0.9603365384615384 0.17427884615384615 0.016826923076923076 0.016826923076923076
0 0.8677884615384616 0.3137019230769231 0.1045673076923077 0.1045673076923077
0 0.8581730769230769 0.3269230769230769 0.020432692307692308 0.020432692307692308
0 0.8990384615384616 0.38100961538461536 0.03125 0.03125
0 0.9326923076923077 0.37259615384615385 0.016826923076923076 0.016826923076923076
0 0.9735576923076923 0.3605769230769231 0.038461538461538464 0.038461538461538464
0 0.8221153846153846 0.2608173076923077 0.19831730769230768 0.19831730769230768
0 0.6911057692307693 0.5757211538461539 0.03365384615384615 0.03365384615384615
0 0.8930288461538461 0.6634615384615384 0.020432692307692308 0.020432692307692308
0 0.9182692307692307 0.02283653846153846 0.016826923076923076 0.016826923076923076
0 0.8173076923076923 0.7235576923076923 0.03485576923076923 0.03485576923076923
0 0.8028846153846154 0.7740384615384616 0.016826923076923076 0.016826923076923076
0 0.875 0.8810096153846154 0.020432692307692308 0.020432692307692308
0 0.9302884615384616 0.8665865384615384 0.028846153846153848 0.028846153846153848
0 0.9194711538461539 0.8894230769230769 0.018028846153846152 0.018028846153846152
0 0.8016826923076923 0.8858173076923077 0.03485576923076923 0.03485576923076923
0 0.8377403846153846 0.8894230769230769 0.030048076923076924 0.030048076923076924
0 0.7067307692307693 0.8629807692307693 0.11057692307692307 0.11057692307692307
0 0.8161057692307693 0.9254807692307693 0.04326923076923077 0.04326923076923077
0 0.8653846153846154 0.9170673076923077 0.026442307692307692 0.026442307692307692
0 0.9795673076923077 0.9230769230769231 0.016826923076923076 0.016826923076923076
0 0.9350961538461539 0.9098557692307693 0.042067307692307696 0.042067307692307696
0 0.921875 0.9350961538461539 0.021634615384615384 0.021634615384615384
0 0.5444711538461539 0.9194711538461539 0.03485576923076923 0.03485576923076923
0 0.4795673076923077 0.9170673076923077 0.018028846153846152 0.018028846153846152
0 0.46033653846153844 0.8557692307692307 0.018028846153846152 0.018028846153846152
0 0.6370192307692307 0.6502403846153846 0.025240384615384616 0.025240384615384616
0 0.5516826923076923 0.6730769230769231 0.021634615384615384 0.021634615384615384
0 0.4579326923076923 0.7055288461538461 0.21153846153846154 0.21153846153846154
0 0.33533653846153844 0.65625 0.020432692307692308 0.020432692307692308
0 0.3088942307692308 0.6694711538461539 0.016826923076923076 0.016826923076923076
0 0.2439903846153846 0.640625 0.020432692307692308 0.020432692307692308
0 0.3245192307692308 0.7800480769230769 0.08774038461538461 0.08774038461538461
0 0.18509615384615385 0.6286057692307693 0.08653846153846154 0.08653846153846154
0 0.09375 0.6153846153846154 0.020432692307692308 0.020432692307692308
0 0.07932692307692307 0.6262019230769231 0.020432692307692308 0.020432692307692308
0 0.1045673076923077 0.6983173076923077 0.021634615384615384 0.021634615384615384
0 0.18028846153846154 0.7824519230769231 0.020432692307692308 0.020432692307692308
0 0.15625 0.7271634615384616 0.026442307692307692 0.026442307692307692
0 0.27524038461538464 0.7355769230769231 0.021634615384615384 0.021634615384615384
0 0.31009615384615385 0.7199519230769231 0.020432692307692308 0.020432692307692308
0 0.3076923076923077 0.8617788461538461 0.04326923076923077 0.04326923076923077
0 0.11899038461538461 0.9182692307692307 0.12860576923076922 0.12860576923076922
0 0.027644230769230768 0.9507211538461539 0.016826923076923076 0.016826923076923076
0 0.47115384615384615 0.9579326923076923 0.037259615384615384 0.037259615384615384
0 0.2536057692307692 0.8822115384615384 0.016826923076923076 0.016826923076923076
0 0.19951923076923078 0.9026442307692307 0.025240384615384616 0.025240384615384616
0 0.25961538461538464 0.8629807692307693 0.020432692307692308 0.020432692307692308
0 0.7355769230769231 0.6442307692307693 0.14783653846153846 0.14783653846153846
0 0.5889423076923077 0.8052884615384616 0.02283653846153846 0.02283653846153846
0 0.34975961538461536 0.9807692307692307 0.020432692307692308 0.020432692307692308
0 0.39663461538461536 0.9603365384615384 0.026442307692307692 0.026442307692307692
0 0.5120192307692307 0.9759615384615384 0.020432692307692308 0.020432692307692308
0 0.6971153846153846 0.9819711538461539 0.030048076923076924 0.030048076923076924
0 0.6382211538461539 0.8978365384615384 0.021634615384615384 0.021634615384615384