0 0.12379807692307693 0.04447115384615385 0.020432692307692308 0.020432692307692308
0 0.24639423076923078 0.12139423076923077 0.037259615384615384 0.037259615384615384
0 0.19110576923076922 0.14302884615384615 0.021634615384615384 0.021634615384615384
0 0.20432692307692307 0.17548076923076922 0.03125 0.03125
0 0.11057692307692307 0.3161057692307692 0.02283653846153846 0.02283653846153846
0 0.22355769230769232 0.27524038461538464 0.021634615384615384 0.021634615384615384
0 0.24278846153846154 0.32091346153846156 0.020432692307692308 0.020432692307692308
0 0.375 0.2644230769230769 0.021634615384615384 0.021634615384615384
0 0.45552884615384615 0.04807692307692308 0.030048076923076924 0.030048076923076924
0 0.4519230769230769 0.018028846153846152 0.020432692307692308 0.020432692307692308
0 0.36538461538461536 0.08173076923076923 0.018028846153846152 0.018028846153846152
0 0.5769230769230769 0.04326923076923077 0.018028846153846152 0.018028846153846152
0 0.5745192307692307 0.13942307692307693 0.09495192307692307 0.09495192307692307
0 0.6358173076923077 0.15264423076923078 0.020432692307692308 0.020432692307692308
0 0.5685096153846154 0.21514423076923078 0.018028846153846152 0.018028846153846152
0 0.5757211538461539 0.234375 0.030048076923076924 0.030048076923076924
0 0.4855769230769231 0.21875 0.016826923076923076 0.016826923076923076
0 0.5709134615384616 0.3317307692307692 0.1502403846153846 0.1502403846153846
0 0.4651442307692308 0.39783653846153844 0.028846153846153848 0.028846153846153848
0 0.18990384615384615 0.3786057692307692 0.03125 0.03125
0 0.22355769230769232 0.40384615384615385 0.025240384615384616 0.025240384615384616
0 0.21514423076923078 0.43028846153846156 0.02283653846153846 0.02283653846153846
0 0.6670673076923077 0.3798076923076923 0.02283653846153846 0.02283653846153846
0 0.7247596153846154 0.34975961538461536 0.028846153846153848 0.028846153846153848
0 0.7451923076923077 0.43028846153846156 0.038461538461538464 0.038461538461538464
0 0.7163461538461539 0.4483173076923077 0.03125 0.03125
0 0.6947115384615384 0.4519230769230769 0.021634615384615384 0.021634615384615384
0 0.6995192307692307 0.49038461538461536 0.056490384615384616 0.056490384615384616
0 0.7752403846153846 0.42908653846153844 0.02283653846153846 0.02283653846153846
0 0.29927884615384615 0.4651442307692308 0.018028846153846152 0.018028846153846152
0 0.41225961538461536 0.5769230769230769 0.03485576923076923 0.03485576923076923
0 0.33413461538461536 0.5913461538461539 0.026442307692307692 0.026442307692307692
0 0.3329326923076923 0.6177884615384616 0.038461538461538464 0.038461538461538464
0 0.28125 0.6334134615384616 0.018028846153846152 0.018028846153846152
0 0.7764423076923077 0.03365384615384615 0.02283653846153846 0.02283653846153846
0 0.8016826923076923 0.1658653846153846 0.028846153846153848 0.028846153846153848
0 0.8377403846153846 0.14302884615384615 0.018028846153846152 0.018028846153846152
0 0.9206730769230769 0.12139423076923077 0.021634615384615384 0.021634615384615384
0 0.8737980769230769 0.2536057692307692 0.052884615384615384 0.052884615384615384
0 0.8581730769230769 0.2860576923076923 0.021634615384615384 0.021634615384615384
0 0.8653846153846154 0.30288461538461536 0.016826923076923076 0.016826923076923076
0 0.8629807692307693 0.328125 0.039663461538461536 0.039663461538461536
0 0.7752403846153846 0.3125 0.025240384615384616 0.025240384615384616
0 0.7487980769230769 0.27283653846153844 0.021634615384615384 0.021634615384615384
0 0.8125 0.3786057692307692 0.08653846153846154 0.08653846153846154
0 0.8846153846153846 0.43149038461538464 0.11177884615384616 0.11177884615384616
0 0.9495192307692307 0.5120192307692307 0.06370192307692307 0.06370192307692307
0 0.9795673076923077 0.23317307692307693 0.025240384615384616 0.025240384615384616
0 0.9543269230769231 0.25721153846153844 0.021634615384615384 0.021634615384615384
0 0.9519230769230769 0.6670673076923077 0.021634615384615384 0.021634615384615384
0 0.9266826923076923 0.6778846153846154 0.020432692307692308 0.020432692307692308
0 0.9122596153846154 0.6262019230769231 0.042067307692307696 0.042067307692307696
0 0.9086538461538461 0.8112980769230769 0.030048076923076924 0.030048076923076924
0 0.6911057692307693 0.8653846153846154 0.026442307692307692 0.026442307692307692
0 0.6237980769230769 0.8786057692307693 0.021634615384615384 0.021634615384615384
0 0.6730769230769231 0.7848557692307693 0.026442307692307692 0.026442307692307692
0 0.6622596153846154 0.8064903846153846 0.016826923076923076 0.016826923076923076
0 0.6478365384615384 0.7836538461538461 0.03125 0.03125
0 0.6983173076923077 0.7283653846153846 0.020432692307692308 0.020432692307692308
0 0.6105769230769231 0.7920673076923077 0.016826923076923076 0.016826923076923076
0 0.6021634615384616 0.8052884615384616 0.03125 0.03125
0 0.5889423076923077 0.8569711538461539 0.018028846153846152 0.018028846153846152
0 0.6382211538461539 0.8509615384615384 0.018028846153846152 0.018028846153846152
0 0.5588942307692307 0.9038461538461539 0.018028846153846152 0.018028846153846152
0 0.49399038461538464 0.859375 0.016826923076923076 0.016826923076923076
0 0.4795673076923077 0.8713942307692307 0.018028846153846152 0.018028846153846152
0 0.47115384615384615 0.8161057692307693 0.018028846153846152 0.018028846153846152
0 0.4519230769230769 0.8329326923076923 0.018028846153846152 0.018028846153846152
0 0.41586538461538464 0.8209134615384616 0.020432692307692308 0.020432692307692308
0 0.5985576923076923 0.7163461538461539 0.020432692307692308 0.020432692307692308
0 0.6454326923076923 0.5721153846153846 0.02283653846153846 0.02283653846153846
0 0.6201923076923077 0.5757211538461539 0.030048076923076924 0.030048076923076924
0 0.6033653846153846 0.5637019230769231 0.018028846153846152 0.018028846153846152
0 0.40024038461538464 0.6262019230769231 0.13701923076923078 0.13701923076923078
0 0.4411057692307692 0.6742788461538461 0.018028846153846152 0.018028846153846152
0 0.5985576923076923 0.7451923076923077 0.3605769230769231 0.3605769230769231
0 0.3004807692307692 0.5348557692307693 0.020432692307692308 0.020432692307692308
0 0.2824519230769231 0.6754807692307693 0.021634615384615384 0.021634615384615384
0 0.23557692307692307 0.7295673076923077 0.025240384615384616 0.025240384615384616
0 0.19110576923076922 0.7956730769230769 0.021634615384615384 0.021634615384615384
0 0.28966346153846156 0.8353365384615384 0.021634615384615384 0.021634615384615384
0 0.3016826923076923 0.8137019230769231 0.020432692307692308 0.020432692307692308
0 0.34975961538461536 0.7980769230769231 0.018028846153846152 0.018028846153846152
0 0.3954326923076923 0.7235576923076923 0.018028846153846152 0.018028846153846152
0 0.3894230769230769 0.7620192307692307 0.018028846153846152 0.018028846153846152
0 0.018028846153846152 0.7175480769230769 0.016826923076923076 0.016826923076923076
0 0.09134615384615384 0.5552884615384616 0.06129807692307692 0.06129807692307692
0 0.1502403846153846 0.5384615384615384 0.020432692307692308 0.020432692307692308
0 0.24639423076923078 0.7572115384615384 0.021634615384615384 0.021634615384615384
0 0.3629807692307692 0.859375 0.08173076923076923 0.08173076923076923
0 0.3870192307692308 0.8521634615384616 0.016826923076923076 0.016826923076923076
0 0.41346153846153844 0.9134615384615384 0.020432692307692308 0.020432692307692308
0 0.65625 0.9170673076923077 0.018028846153846152 0.018028846153846152
0 0.13341346153846154 0.9050480769230769 0.13822115384615385 0.13822115384615385
0 0.09975961538461539 0.7439903846153846 0.018028846153846152 0.018028846153846152
0 0.8737980769230769 0.9146634615384616 0.018028846153846152 0.018028846153846152
0 0.8473557692307693 0.9555288461538461 0.08653846153846154 0.08653846153846154
0 0.6105769230769231 0.6947115384615384 0.03365384615384615 0.03365384615384615