0 0.8485576923076923 0.7704326923076923 0.24158653846153846 0.24158653846153846
0 0.026442307692307692 0.41586538461538464 0.018028846153846152 0.018028846153846152
0 0.06971153846153846 0.02283653846153846 0.03365384615384615 0.03365384615384615
0 0.0829326923076923 0.15985576923076922 0.020432692307692308 0.020432692307692308
0 0.052884615384615384 0.14182692307692307 0.016826923076923076 0.016826923076923076
0 0.055288461538461536 0.30649038461538464 0.025240384615384616 0.025240384615384616
0 0.042067307692307696 0.36538461538461536 0.0829326923076923 0.0829326923076923
0 0.17067307692307693 0.2776442307692308 0.018028846153846152 0.018028846153846152
0 0.15745192307692307 0.15625 0.12139423076923077 0.12139423076923077
0 0.35096153846153844 0.1346153846153846 0.09615384615384616 0.09615384615384616
0 0.29447115384615385 0.13221153846153846 0.018028846153846152 0.018028846153846152
0 0.3894230769230769 0.09975961538461539 0.026442307692307692 0.026442307692307692
0 0.39903846153846156 0.13221153846153846 0.039663461538461536 0.039663461538461536
0 0.28125 0.09254807692307693 0.021634615384615384 0.021634615384615384
0 0.3858173076923077 0.35336538461538464 0.05889423076923077 0.05889423076923077
0 0.296875 0.39783653846153844 0.06370192307692307 0.06370192307692307
0 0.2644230769230769 0.3629807692307692 0.021634615384615384 0.021634615384615384
0 0.2548076923076923 0.43149038461538464 0.04326923076923077 0.04326923076923077
0 0.24759615384615385 0.46033653846153844 0.026442307692307692 0.026442307692307692
0 0.2536057692307692 0.48677884615384615 0.05048076923076923 0.05048076923076923
0 0.21514423076923078 0.44711538461538464 0.046875 0.046875
0 0.2980769230769231 0.4963942307692308 0.020432692307692308 0.020432692307692308
0 0.27524038461538464 0.5336538461538461 0.018028846153846152 0.018028846153846152
0 0.49158653846153844 0.49759615384615385 0.020432692307692308 0.020432692307692308
0 0.5108173076923077 0.5420673076923077 0.02283653846153846 0.02283653846153846
0 0.5721153846153846 0.5060096153846154 0.025240384615384616 0.025240384615384616
0 0.5637019230769231 0.5637019230769231 0.02283653846153846 0.02283653846153846
0 0.5661057692307693 0.4651442307692308 0.028846153846153848 0.028846153846153848
0 0.37740384615384615 0.4375 0.11778846153846154 0.11778846153846154
0 0.09735576923076923 0.6141826923076923 0.025240384615384616 0.025240384615384616
0 0.27403846153846156 0.24639423076923078 0.021634615384615384 0.021634615384615384
0 0.2403846153846154 0.23317307692307693 0.03125 0.03125
0 0.3545673076923077 0.2692307692307692 0.2247596153846154 0.2247596153846154
0 0.27884615384615385 0.15625 0.018028846153846152 0.018028846153846152
0 0.44471153846153844 0.12860576923076922 0.039663461538461536 0.039663461538461536
0 0.6646634615384616 0.057692307692307696 0.021634615384615384 0.021634615384615384
0 0.6766826923076923 0.09134615384615384 0.018028846153846152 0.018028846153846152
0 0.5997596153846154 0.17548076923076922 0.0733173076923077 0.0733173076923077
0 0.6634615384615384 0.22115384615384615 0.08533653846153846 0.08533653846153846
0 0.6838942307692307 0.2800480769230769 0.051682692307692304 0.051682692307692304
0 0.6454326923076923 0.33052884615384615 0.05889423076923077 0.05889423076923077
0 0.6141826923076923 0.3004807692307692 0.055288461538461536 0.055288461538461536
0 0.5769230769230769 0.3317307692307692 0.016826923076923076 0.016826923076923076
0 0.8605769230769231 0.28365384615384615 0.06129807692307692 0.06129807692307692
0 0.9603365384615384 0.2644230769230769 0.06610576923076923 0.06610576923076923
0 0.9182692307692307 0.3088942307692308 0.06610576923076923 0.06610576923076923
0 0.9711538461538461 0.4411057692307692 0.016826923076923076 0.016826923076923076
0 0.7884615384615384 0.03365384615384615 0.025240384615384616 0.025240384615384616
0 0.9579326923076923 0.07211538461538461 0.046875 0.046875
0 0.8677884615384616 0.16706730769230768 0.021634615384615384 0.021634615384615384
0 0.9771634615384616 0.140625 0.021634615384615384 0.021634615384615384
0 0.7668269230769231 0.4387019230769231 0.3245192307692308 0.3245192307692308
0 0.7055288461538461 0.6009615384615384 0.02283653846153846 0.02283653846153846
0 0.6298076923076923 0.6225961538461539 0.042067307692307696 0.042067307692307696
0 0.7247596153846154 0.5324519230769231 0.018028846153846152 0.018028846153846152
0 0.8016826923076923 0.6550480769230769 0.030048076923076924 0.030048076923076924
0 0.7103365384615384 0.6983173076923077 0.026442307692307692 0.026442307692307692
0 0.4387019230769231 0.6322115384615384 0.05048076923076923 0.05048076923076923
0 0.4423076923076923 0.6622596153846154 0.016826923076923076 0.016826923076923076
0 0.484375 0.6670673076923077 0.021634615384615384 0.021634615384615384
0 0.4963942307692308 0.6838942307692307 0.025240384615384616 0.025240384615384616
0 0.484375 0.7103365384615384 0.030048076923076924 0.030048076923076924
0 0.3641826923076923 0.65625 0.020432692307692308 0.020432692307692308
0 0.5444711538461539 0.5288461538461539 0.018028846153846152 0.018028846153846152
0 0.9098557692307693 0.17307692307692307 0.03365384615384615 0.03365384615384615
0 0.9519230769230769 0.8617788461538461 0.018028846153846152 0.018028846153846152
0 0.9879807692307693 0.7644230769230769 0.018028846153846152 0.018028846153846152
0 0.9014423076923077 0.796875 0.018028846153846152 0.018028846153846152
0 0.7788461538461539 0.8810096153846154 0.018028846153846152 0.018028846153846152
0 0.7980769230769231 0.8978365384615384 0.02283653846153846 0.02283653846153846
0 0.7524038461538461 0.8521634615384616 0.03365384615384615 0.03365384615384615
0 0.6538461538461539 0.8605769230769231 0.03365384615384615 0.03365384615384615
0 0.5528846153846154 0.8713942307692307 0.020432692307692308 0.020432692307692308
0 0.5348557692307693 0.7536057692307693 0.0985576923076923 0.0985576923076923
0 0.32572115384615385 0.7403846153846154 0.018028846153846152 0.018028846153846152
0 0.3161057692307692 0.7752403846153846 0.018028846153846152 0.018028846153846152
0 0.3762019230769231 0.8677884615384616 0.020432692307692308 0.020432692307692308
0 0.4519230769230769 0.9230769230769231 0.018028846153846152 0.018028846153846152
0 0.7896634615384616 0.9783653846153846 0.03365384615384615 0.03365384615384615
0 0.42788461538461536 0.984375 0.020432692307692308 0.020432692307692308
0 0.22956730769230768 0.7271634615384616 0.018028846153846152 0.018028846153846152
0 0.24879807692307693 0.9206730769230769 0.020432692307692308 0.020432692307692308
0 0.021634615384615384 0.96875 0.018028846153846152 0.018028846153846152
0 0.23677884615384615 0.8846153846153846 0.018028846153846152 0.018028846153846152
0 0.2536057692307692 0.8461538461538461 0.038461538461538464 0.038461538461538464