0 0.1658653846153846 0.09375 0.02283653846153846 0.02283653846153846
0 0.04447115384615385 0.4411057692307692 0.028846153846153848 0.028846153846153848
0 0.22235576923076922 0.43028846153846156 0.018028846153846152 0.018028846153846152
0 0.3629807692307692 0.2536057692307692 0.020432692307692308 0.020432692307692308
0 0.26802884615384615 0.14543269230769232 0.020432692307692308 0.020432692307692308
0 0.37740384615384615 0.18389423076923078 0.028846153846153848 0.028846153846153848
0 0.33052884615384615 0.19110576923076922 0.021634615384615384 0.021634615384615384
0 0.34375 0.21875 0.021634615384615384 0.021634615384615384
0 0.33052884615384615 0.23557692307692307 0.020432692307692308 0.020432692307692308
0 0.5673076923076923 0.10216346153846154 0.026442307692307692 0.026442307692307692
0 0.46033653846153844 0.44711538461538464 0.018028846153846152 0.018028846153846152
0 0.6141826923076923 0.3581730769230769 0.018028846153846152 0.018028846153846152
0 0.8197115384615384 0.453125 0.020432692307692308 0.020432692307692308
0 0.9302884615384616 0.38100961538461536 0.025240384615384616 0.025240384615384616
0 0.8413461538461539 0.1622596153846154 0.028846153846153848 0.028846153846153848
0 0.7872596153846154 0.16105769230769232 0.018028846153846152 0.018028846153846152
0 0.7944711538461539 0.18870192307692307 0.018028846153846152 0.018028846153846152
0 0.6694711538461539 0.09254807692307693 0.021634615384615384 0.021634615384615384
0 0.8088942307692307 0.025240384615384616 0.018028846153846152 0.018028846153846152
0 0.9194711538461539 0.07211538461538461 0.021634615384615384 0.021634615384615384
0 0.7584134615384616 0.90625 0.021634615384615384 0.021634615384615384
0 0.7944711538461539 0.4951923076923077 0.016826923076923076 0.016826923076923076
0 0.6875 0.4879807692307692 0.028846153846153848 0.028846153846153848
0 0.36778846153846156 0.8389423076923077 0.042067307692307696 0.042067307692307696
0 0.1346153846153846 0.8377403846153846 0.016826923076923076 0.016826923076923076
0 0.046875 0.8810096153846154 0.020432692307692308 0.020432692307692308
0 0.9711538461538461 0.13701923076923078 0.020432692307692308 0.020432692307692308
0 0.5120192307692307 0.27524038461538464 0.021634615384615384 0.021634615384615384
0 0.8076923076923077 0.32572115384615385 0.021634615384615384 0.021634615384615384
0 0.9423076923076923 0.2920673076923077 0.016826923076923076 0.016826923076923076
0 0.8762019230769231 0.3918269230769231 0.021634615384615384 0.021634615384615384
0 0.21514423076923078 0.4387019230769231 0.021634615384615384 0.021634615384615384
0 0.15865384615384615 0.5528846153846154 0.021634615384615384 0.021634615384615384
0 0.3401442307692308 0.5901442307692307 0.016826923076923076 0.016826923076923076
0 0.8185096153846154 0.6081730769230769 0.02283653846153846 0.02283653846153846
0 0.9038461538461539 0.5504807692307693 0.026442307692307692 0.026442307692307692
0 0.9074519230769231 0.5913461538461539 0.020432692307692308 0.020432692307692308
0 0.9338942307692307 0.5480769230769231 0.025240384615384616 0.025240384615384616
0 0.4855769230769231 0.7019230769230769 0.020432692307692308 0.020432692307692308
0 0.5036057692307693 0.71875 0.02283653846153846 0.02283653846153846
0 0.4987980769230769 0.7271634615384616 0.028846153846153848 0.028846153846153848
0 0.06850961538461539 0.7211538461538461 0.016826923076923076 0.016826923076923076
0 0.1201923076923077 0.8028846153846154 0.016826923076923076 0.016826923076923076
0 0.30649038461538464 0.8365384615384616 0.03125 0.03125
0 0.7536057692307693 0.828125 0.018028846153846152 0.018028846153846152
0 0.7752403846153846 0.8389423076923077 0.016826923076923076 0.016826923076923076
0 0.48677884615384615 0.9855769230769231 0.020432692307692308 0.020432692307692308
0 0.4831730769230769 0.9471153846153846 0.020432692307692308 0.020432692307692308