0 0.08052884615384616 0.009615384615384616 0.018028846153846152 0.018028846153846152
0 0.09735576923076923 0.36538461538461536 0.020432692307692308 0.020432692307692308
0 0.03245192307692308 0.47716346153846156 0.025240384615384616 0.025240384615384616
0 0.03125 0.53125 0.038461538461538464 0.038461538461538464
0 0.14543269230769232 0.4254807692307692 0.03365384615384615 0.03365384615384615
0 0.1141826923076923 0.38822115384615385 0.026442307692307692 0.026442307692307692
0 0.16947115384615385 0.3401442307692308 0.021634615384615384 0.021634615384615384
0 0.24879807692307693 0.3786057692307692 0.025240384615384616 0.025240384615384616
0 0.32572115384615385 0.4735576923076923 0.021634615384615384 0.021634615384615384
0 0.27884615384615385 0.41947115384615385 0.016826923076923076 0.016826923076923076
0 0.3581730769230769 0.47716346153846156 0.02283653846153846 0.02283653846153846
0 0.4254807692307692 0.49399038461538464 0.039663461538461536 0.039663461538461536
0 0.44591346153846156 0.359375 0.037259615384615384 0.037259615384615384
0 0.3269230769230769 0.09735576923076923 0.10336538461538461 0.10336538461538461
0 0.3762019230769231 0.09254807692307693 0.021634615384615384 0.021634615384615384
0 0.3269230769230769 0.14543269230769232 0.02283653846153846 0.02283653846153846
0 0.4206730769230769 0.07091346153846154 0.018028846153846152 0.018028846153846152
0 0.4387019230769231 0.15384615384615385 0.020432692307692308 0.020432692307692308
0 0.26322115384615385 0.14302884615384615 0.046875 0.046875
0 0.2548076923076923 0.2620192307692308 0.08173076923076923 0.08173076923076923
0 0.09014423076923077 0.2776442307692308 0.051682692307692304 0.051682692307692304
0 0.5096153846153846 0.3858173076923077 0.018028846153846152 0.018028846153846152
0 0.23798076923076922 0.5805288461538461 0.02283653846153846 0.02283653846153846
0 0.22235576923076922 0.5661057692307693 0.03485576923076923 0.03485576923076923
0 0.07692307692307693 0.5649038461538461 0.026442307692307692 0.026442307692307692
0 0.10697115384615384 0.6935096153846154 0.020432692307692308 0.020432692307692308
0 0.17427884615384615 0.6995192307692307 0.06129807692307692 0.06129807692307692
0 0.20793269230769232 0.7427884615384616 0.06129807692307692 0.06129807692307692
0 0.22115384615384615 0.47716346153846156 0.15384615384615385 0.15384615384615385
0 0.18509615384615385 0.3713942307692308 0.09014423076923077 0.09014423076923077
0 0.3858173076923077 0.41947115384615385 0.1201923076923077 0.1201923076923077
0 0.2512019230769231 0.3329326923076923 0.05889423076923077 0.05889423076923077
0 0.039663461538461536 0.171875 0.056490384615384616 0.056490384615384616
0 0.078125 0.23197115384615385 0.02283653846153846 0.02283653846153846
0 0.43509615384615385 0.20552884615384615 0.03485576923076923 0.03485576923076923
0 0.5564903846153846 0.3954326923076923 0.020432692307692308 0.020432692307692308
0 0.6586538461538461 0.4254807692307692 0.037259615384615384 0.037259615384615384
0 0.6887019230769231 0.4963942307692308 0.020432692307692308 0.020432692307692308
0 0.6153846153846154 0.5084134615384616 0.020432692307692308 0.020432692307692308
0 0.7872596153846154 0.31850961538461536 0.030048076923076924 0.030048076923076924
0 0.8076923076923077 0.43028846153846156 0.02283653846153846 0.02283653846153846
0 0.7668269230769231 0.5276442307692307 0.025240384615384616 0.025240384615384616
0 0.7752403846153846 0.5072115384615384 0.021634615384615384 0.021634615384615384
0 0.7920673076923077 0.5564903846153846 0.016826923076923076 0.016826923076923076
0 0.7283653846153846 0.5697115384615384 0.025240384615384616 0.025240384615384616
0 0.9014423076923077 0.48197115384615385 0.016826923076923076 0.016826923076923076
0 0.9591346153846154 0.40024038461538464 0.020432692307692308 0.020432692307692308
0 0.8245192307692307 0.23798076923076922 0.025240384615384616 0.025240384615384616
0 0.4651442307692308 0.051682692307692304 0.028846153846153848 0.028846153846153848
0 0.5625 0.052884615384615384 0.06850961538461539 0.06850961538461539
0 0.8004807692307693 0.036057692307692304 0.046875 0.046875
0 0.8004807692307693 0.09134615384615384 0.020432692307692308 0.020432692307692308
0 0.9711538461538461 0.21634615384615385 0.02283653846153846 0.02283653846153846
0 0.9483173076923077 0.20673076923076922 0.02283653846153846 0.02283653846153846
0 0.6322115384615384 0.39783653846153844 0.016826923076923076 0.016826923076923076
0 0.5889423076923077 0.421875 0.016826923076923076 0.016826923076923076
0 0.8125 0.7632211538461539 0.046875 0.046875
0 0.7776442307692307 0.7271634615384616 0.025240384615384616 0.025240384615384616
0 0.7944711538461539 0.71875 0.03125 0.03125
0 0.7319711538461539 0.7427884615384616 0.051682692307692304 0.051682692307692304
0 0.6947115384615384 0.7572115384615384 0.030048076923076924 0.030048076923076924
0 0.5829326923076923 0.6622596153846154 0.025240384615384616 0.025240384615384616
0 0.5528846153846154 0.6454326923076923 0.020432692307692308 0.020432692307692308
0 0.5769230769230769 0.6502403846153846 0.018028846153846152 0.018028846153846152
0 0.6286057692307693 0.5985576923076923 0.02283653846153846 0.02283653846153846
0 0.5564903846153846 0.5913461538461539 0.016826923076923076 0.016826923076923076
0 0.40865384615384615 0.6838942307692307 0.018028846153846152 0.018028846153846152
0 0.42788461538461536 0.7067307692307693 0.20673076923076922 0.20673076923076922
0 0.5144230769230769 0.6394230769230769 0.03125 0.03125
0 0.6346153846153846 0.6802884615384616 0.030048076923076924 0.030048076923076924
0 0.7403846153846154 0.6201923076923077 0.018028846153846152 0.018028846153846152
0 0.6802884615384616 0.47716346153846156 0.1935096153846154 0.1935096153846154
0 0.8245192307692307 0.15865384615384615 0.037259615384615384 0.037259615384615384
0 0.8882211538461539 0.11778846153846154 0.02283653846153846 0.02283653846153846
0 0.8221153846153846 0.09615384615384616 0.018028846153846152 0.018028846153846152
0 0.8533653846153846 0.20673076923076922 0.12139423076923077 0.12139423076923077
0 0.8425480769230769 0.7319711538461539 0.06009615384615385 0.06009615384615385
0 0.8581730769230769 0.6766826923076923 0.04326923076923077 0.04326923076923077
0 0.8112980769230769 0.6730769230769231 0.037259615384615384 0.037259615384615384
0 0.8762019230769231 0.9471153846153846 0.020432692307692308 0.020432692307692308
0 0.7247596153846154 0.8834134615384616 0.037259615384615384 0.037259615384615384
0 0.8413461538461539 0.8665865384615384 0.016826923076923076 0.016826923076923076
0 0.7608173076923077 0.7668269230769231 0.020432692307692308 0.020432692307692308
0 0.71875 0.7800480769230769 0.018028846153846152 0.018028846153846152
0 0.3449519230769231 0.9663461538461539 0.021634615384615384 0.021634615384615384
0 0.27884615384615385 0.9278846153846154 0.021634615384615384 0.021634615384615384
0 0.23317307692307693 0.9447115384615384 0.046875 0.046875
0 0.16947115384615385 0.9146634615384616 0.026442307692307692 0.026442307692307692
0 0.4170673076923077 0.9302884615384616 0.026442307692307692 0.026442307692307692
0 0.4254807692307692 0.8762019230769231 0.02283653846153846 0.02283653846153846
0 0.4411057692307692 0.8870192307692307 0.020432692307692308 0.020432692307692308
0 0.5096153846153846 0.8052884615384616 0.025240384615384616 0.025240384615384616
0 0.5324519230769231 0.6875 0.025240384615384616 0.025240384615384616
0 0.4050480769230769 0.7896634615384616 0.020432692307692308 0.020432692307692308
0 0.3389423076923077 0.8040865384615384 0.23317307692307693 0.23317307692307693
0 0.3245192307692308 0.6742788461538461 0.018028846153846152 0.018028846153846152
0 0.29447115384615385 0.6310096153846154 0.020432692307692308 0.020432692307692308
0 0.2512019230769231 0.609375 0.018028846153846152 0.018028846153846152
0 0.22716346153846154 0.6442307692307693 0.03125 0.03125
0 0.5721153846153846 0.7367788461538461 0.037259615384615384 0.037259615384615384
0 0.5661057692307693 0.7752403846153846 0.03365384615384615 0.03365384615384615
0 0.59375 0.7560096153846154 0.021634615384615384 0.021634615384615384
0 0.6105769230769231 0.7776442307692307 0.03485576923076923 0.03485576923076923
0 0.41466346153846156 0.9134615384615384 0.06370192307692307 0.06370192307692307
0 0.41466346153846156 0.9495192307692307 0.06370192307692307 0.06370192307692307
0 0.4026442307692308 0.9771634615384616 0.02283653846153846 0.02283653846153846
0 0.5805288461538461 0.8846153846153846 0.08052884615384616 0.08052884615384616
0 0.6766826923076923 0.7752403846153846 0.021634615384615384 0.021634615384615384
0 0.6502403846153846 0.7800480769230769 0.025240384615384616 0.025240384615384616
0 0.6538461538461539 0.7608173076923077 0.03365384615384615 0.03365384615384615
0 0.6947115384615384 0.8341346153846154 0.020432692307692308 0.020432692307692308
0 0.48197115384615385 0.5865384615384616 0.056490384615384616 0.056490384615384616
0 0.41225961538461536 0.5697115384615384 0.028846153846153848 0.028846153846153848
0 0.16466346153846154 0.8677884615384616 0.018028846153846152 0.018028846153846152