0 0.42427884615384615 0.44711538461538464 0.5649038461538461 0.5649038461538461
0 0.8677884615384616 0.014423076923076924 0.020432692307692308 0.020432692307692308
0 0.859375 0.038461538461538464 0.016826923076923076 0.016826923076923076
0 0.8581730769230769 0.07692307692307693 0.026442307692307692 0.026442307692307692
0 0.4987980769230769 0.08533653846153846 0.021634615384615384 0.021634615384615384
0 0.4639423076923077 0.23197115384615385 0.025240384615384616 0.025240384615384616
0 0.5877403846153846 0.2127403846153846 0.020432692307692308 0.020432692307692308
0 0.37259615384615385 0.21634615384615385 0.042067307692307696 0.042067307692307696
0 0.3317307692307692 0.2403846153846154 0.018028846153846152 0.018028846153846152
0 0.3293269230769231 0.19471153846153846 0.018028846153846152 0.018028846153846152
0 0.027644230769230768 0.08052884615384616 0.026442307692307692 0.026442307692307692
0 0.13221153846153846 0.04807692307692308 0.03485576923076923 0.03485576923076923
0 0.12139423076923077 0.15264423076923078 0.04326923076923077 0.04326923076923077
0 0.15985576923076922 0.14543269230769232 0.037259615384615384 0.037259615384615384
0 0.09975961538461539 0.12379807692307693 0.038461538461538464 0.038461538461538464
0 0.1778846153846154 0.18269230769230768 0.046875 0.046875
0 0.042067307692307696 0.22956730769230768 0.02283653846153846 0.02283653846153846
0 0.037259615384615384 0.25721153846153844 0.028846153846153848 0.028846153846153848
0 0.12139423076923077 0.2403846153846154 0.018028846153846152 0.018028846153846152
0 0.26322115384615385 0.1622596153846154 0.02283653846153846 0.02283653846153846
0 0.01201923076923077 0.6298076923076923 0.020432692307692308 0.020432692307692308
0 0.16105769230769232 0.6802884615384616 0.020432692307692308 0.020432692307692308
0 0.07692307692307693 0.7271634615384616 0.10817307692307693 0.10817307692307693
0 0.055288461538461536 0.47475961538461536 0.03125 0.03125
0 0.051682692307692304 0.4987980769230769 0.018028846153846152 0.018028846153846152
0 0.1201923076923077 0.453125 0.03365384615384615 0.03365384615384615
0 0.05048076923076923 0.42788461538461536 0.02283653846153846 0.02283653846153846
0 0.020432692307692308 0.40024038461538464 0.03365384615384615 0.03365384615384615
0 0.07572115384615384 0.2980769230769231 0.08173076923076923 0.08173076923076923
0 0.14543269230769232 0.34134615384615385 0.11778846153846154 0.11778846153846154
0 0.05048076923076923 0.15504807692307693 0.07451923076923077 0.07451923076923077
0 0.1346153846153846 0.18389423076923078 0.018028846153846152 0.018028846153846152
0 0.2932692307692308 0.4170673076923077 0.039663461538461536 0.039663461538461536
0 0.28365384615384615 0.2980769230769231 0.028846153846153848 0.028846153846153848
0 0.27163461538461536 0.27163461538461536 0.03125 0.03125
0 0.5132211538461539 0.33052884615384615 0.026442307692307692 0.026442307692307692
0 0.4170673076923077 0.39302884615384615 0.020432692307692308 0.020432692307692308
0 0.4266826923076923 0.5048076923076923 0.018028846153846152 0.018028846153846152
0 0.49038461538461536 0.5480769230769231 0.020432692307692308 0.020432692307692308
0 0.5997596153846154 0.32091346153846156 0.028846153846153848 0.028846153846153848
0 0.5913461538461539 0.24158653846153846 0.07451923076923077 0.07451923076923077
0 0.6574519230769231 0.25961538461538464 0.055288461538461536 0.055288461538461536
0 0.6790865384615384 0.2247596153846154 0.025240384615384616 0.025240384615384616
0 0.6778846153846154 0.2980769230769231 0.028846153846153848 0.028846153846153848
0 0.6730769230769231 0.4338942307692308 0.025240384615384616 0.025240384615384616
0 0.20793269230769232 0.4495192307692308 0.03125 0.03125
0 0.7427884615384616 0.4795673076923077 0.025240384615384616 0.025240384615384616
0 0.7680288461538461 0.3389423076923077 0.018028846153846152 0.018028846153846152
0 0.78125 0.3088942307692308 0.025240384615384616 0.025240384615384616
0 0.8413461538461539 0.3137019230769231 0.02283653846153846 0.02283653846153846
0 0.8112980769230769 0.3245192307692308 0.018028846153846152 0.018028846153846152
0 0.7872596153846154 0.34134615384615385 0.026442307692307692 0.026442307692307692
0 0.7704326923076923 0.421875 0.020432692307692308 0.020432692307692308
0 0.9483173076923077 0.22355769230769232 0.026442307692307692 0.026442307692307692
0 0.7163461538461539 0.5480769230769231 0.020432692307692308 0.020432692307692308
0 0.9411057692307693 0.5528846153846154 0.020432692307692308 0.020432692307692308
0 0.9603365384615384 0.5072115384615384 0.018028846153846152 0.018028846153846152
0 0.9350961538461539 0.5120192307692307 0.030048076923076924 0.030048076923076924
0 0.9795673076923077 0.5889423076923077 0.028846153846153848 0.028846153846153848
0 0.9483173076923077 0.9026442307692307 0.021634615384615384 0.021634615384615384
0 0.9483173076923077 0.8329326923076923 0.020432692307692308 0.020432692307692308
0 0.8677884615384616 0.8377403846153846 0.021634615384615384 0.021634615384615384
0 0.5072115384615384 0.9362980769230769 0.020432692307692308 0.020432692307692308
0 0.39663461538461536 0.8978365384615384 0.03365384615384615 0.03365384615384615
0 0.36538461538461536 0.8449519230769231 0.028846153846153848 0.028846153846153848
0 0.3004807692307692 0.8353365384615384 0.016826923076923076 0.016826923076923076
0 0.3798076923076923 0.8004807692307693 0.021634615384615384 0.021634615384615384
0 0.3137019230769231 0.8569711538461539 0.03365384615384615 0.03365384615384615
0 0.8978365384615384 0.9278846153846154 0.026442307692307692 0.026442307692307692
0 0.9242788461538461 0.9663461538461539 0.018028846153846152 0.018028846153846152
0 0.8245192307692307 0.8389423076923077 0.03365384615384615 0.03365384615384615
0 0.8245192307692307 0.8605769230769231 0.025240384615384616 0.025240384615384616
0 0.7800480769230769 0.8329326923076923 0.018028846153846152 0.018028846153846152
0 0.6802884615384616 0.8545673076923077 0.018028846153846152 0.018028846153846152
0 0.7019230769230769 0.8389423076923077 0.020432692307692308 0.020432692307692308
0 0.6430288461538461 0.8942307692307693 0.021634615384615384 0.021634615384615384
0 0.6358173076923077 0.9122596153846154 0.021634615384615384 0.021634615384615384
0 0.609375 0.90625 0.037259615384615384 0.037259615384615384
0 0.5709134615384616 0.8894230769230769 0.018028846153846152 0.018028846153846152
0 0.5396634615384616 0.8653846153846154 0.02283653846153846 0.02283653846153846
0 0.5144230769230769 0.84375 0.016826923076923076 0.016826923076923076
0 0.4519230769230769 0.765625 0.021634615384615384 0.021634615384615384
0 0.43028846153846156 0.7680288461538461 0.028846153846153848 0.028846153846153848
0 0.44591346153846156 0.8161057692307693 0.05048076923076923 0.05048076923076923
0 0.38341346153846156 0.8629807692307693 0.016826923076923076 0.016826923076923076
0 0.5949519230769231 0.8377403846153846 0.03485576923076923 0.03485576923076923
0 0.7644230769230769 0.78125 0.021634615384615384 0.021634615384615384
0 0.8329326923076923 0.8004807692307693 0.02283653846153846 0.02283653846153846
0 0.8173076923076923 0.7908653846153846 0.018028846153846152 0.018028846153846152
0 0.7680288461538461 0.6802884615384616 0.028846153846153848 0.028846153846153848
0 0.953125 0.7307692307692307 0.06850961538461539 0.06850961538461539
0 0.640625 0.6574519230769231 0.025240384615384616 0.025240384615384616
0 0.6875 0.5829326923076923 0.030048076923076924 0.030048076923076924
0 0.6778846153846154 0.6382211538461539 0.08052884615384616 0.08052884615384616
0 0.6478365384615384 0.7007211538461539 0.020432692307692308 0.020432692307692308
0 0.53125 0.6382211538461539 0.02283653846153846 0.02283653846153846
0 0.49278846153846156 0.671875 0.04326923076923077 0.04326923076923077
0 0.47716346153846156 0.7776442307692307 0.025240384615384616 0.025240384615384616
0 0.6682692307692307 0.7512019230769231 0.018028846153846152 0.018028846153846152
0 0.6478365384615384 0.7752403846153846 0.12980769230769232 0.12980769230769232
0 0.6081730769230769 0.7079326923076923 0.018028846153846152 0.018028846153846152
0 0.33052884615384615 0.5913461538461539 0.03485576923076923 0.03485576923076923
0 0.21875 0.6947115384615384 0.025240384615384616 0.025240384615384616
0 0.18870192307692307 0.7932692307692307 0.020432692307692308 0.020432692307692308
0 0.23798076923076922 0.7668269230769231 0.021634615384615384 0.021634615384615384
0 0.3269230769230769 0.7704326923076923 0.0733173076923077 0.0733173076923077
0 0.2548076923076923 0.9254807692307693 0.02283653846153846 0.02283653846153846
0 0.20552884615384615 0.9387019230769231 0.025240384615384616 0.025240384615384616
0 0.1201923076923077 0.23798076923076922 0.12379807692307693 0.12379807692307693
0 0.6622596153846154 0.9326923076923077 0.028846153846153848 0.028846153846153848
0 0.36778846153846156 0.75 0.016826923076923076 0.016826923076923076