0 0.4266826923076923 0.6069711538461539 0.7355769230769231 0.7355769230769231
0 0.9302884615384616 0.015625 0.028846153846153848 0.028846153846153848
0 0.8305288461538461 0.018028846153846152 0.03365384615384615 0.03365384615384615
0 0.8629807692307693 0.06370192307692307 0.028846153846153848 0.028846153846153848
0 0.8329326923076923 0.06370192307692307 0.030048076923076924 0.030048076923076924
0 0.8509615384615384 0.052884615384615384 0.025240384615384616 0.025240384615384616
0 0.8762019230769231 0.08774038461538461 0.021634615384615384 0.021634615384615384
0 0.8509615384615384 0.109375 0.025240384615384616 0.025240384615384616
0 0.5336538461538461 0.03125 0.025240384615384616 0.025240384615384616
0 0.5528846153846154 0.08413461538461539 0.11298076923076923 0.11298076923076923
0 0.48677884615384615 0.09134615384615384 0.04447115384615385 0.04447115384615385
0 0.4362980769230769 0.08173076923076923 0.025240384615384616 0.025240384615384616
0 0.40024038461538464 0.07692307692307693 0.052884615384615384 0.052884615384615384
0 0.3629807692307692 0.05048076923076923 0.03485576923076923 0.03485576923076923
0 0.3088942307692308 0.013221153846153846 0.025240384615384616 0.025240384615384616
0 0.27524038461538464 0.03365384615384615 0.020432692307692308 0.020432692307692308
0 0.23076923076923078 0.12139423076923077 0.02283653846153846 0.02283653846153846
0 0.19951923076923078 0.07211538461538461 0.025240384615384616 0.025240384615384616
0 0.16706730769230768 0.10697115384615384 0.026442307692307692 0.026442307692307692
0 0.14783653846153846 0.09615384615384616 0.02283653846153846 0.02283653846153846
0 0.03125 0.5288461538461539 0.016826923076923076 0.016826923076923076
0 0.06610576923076923 0.5540865384615384 0.08052884615384616 0.08052884615384616
0 0.15504807692307693 0.5552884615384616 0.09615384615384616 0.09615384615384616
0 0.13341346153846154 0.4699519230769231 0.03125 0.03125
0 0.09254807692307693 0.4338942307692308 0.018028846153846152 0.018028846153846152
0 0.0829326923076923 0.21875 0.025240384615384616 0.025240384615384616
0 0.06370192307692307 0.21394230769230768 0.018028846153846152 0.018028846153846152
0 0.19831730769230768 0.6346153846153846 0.021634615384615384 0.021634615384615384
0 0.20793269230769232 0.6442307692307693 0.020432692307692308 0.020432692307692308
0 0.1875 0.6586538461538461 0.020432692307692308 0.020432692307692308
0 0.09735576923076923 0.6105769230769231 0.05048076923076923 0.05048076923076923
0 0.08533653846153846 0.7644230769230769 0.07451923076923077 0.07451923076923077
0 0.3233173076923077 0.21634615384615385 0.08533653846153846 0.08533653846153846
0 0.4170673076923077 0.23076923076923078 0.055288461538461536 0.055288461538461536
0 0.48197115384615385 0.15745192307692307 0.028846153846153848 0.028846153846153848
0 0.4014423076923077 0.17908653846153846 0.016826923076923076 0.016826923076923076
0 0.43509615384615385 0.19110576923076922 0.016826923076923076 0.016826923076923076
0 0.3245192307692308 0.3762019230769231 0.021634615384615384 0.021634615384615384
0 0.33774038461538464 0.5108173076923077 0.03485576923076923 0.03485576923076923
0 0.28846153846153844 0.4963942307692308 0.018028846153846152 0.018028846153846152
0 0.2692307692307692 0.49038461538461536 0.038461538461538464 0.038461538461538464
0 0.4050480769230769 0.6165865384615384 0.028846153846153848 0.028846153846153848
0 0.5180288461538461 0.4543269230769231 0.028846153846153848 0.028846153846153848
0 0.4483173076923077 0.3737980769230769 0.021634615384615384 0.021634615384615384
0 0.6129807692307693 0.5144230769230769 0.038461538461538464 0.038461538461538464
0 0.5829326923076923 0.5504807692307693 0.030048076923076924 0.030048076923076924
0 0.5144230769230769 0.5204326923076923 0.016826923076923076 0.016826923076923076
0 0.6262019230769231 0.43990384615384615 0.021634615384615384 0.021634615384615384
0 0.65625 0.4807692307692308 0.026442307692307692 0.026442307692307692
0 0.5144230769230769 0.4266826923076923 0.025240384615384616 0.025240384615384616
0 0.6538461538461539 0.2932692307692308 0.018028846153846152 0.018028846153846152
0 0.7463942307692307 0.5204326923076923 0.026442307692307692 0.026442307692307692
0 0.6814903846153846 0.5192307692307693 0.020432692307692308 0.020432692307692308
0 0.6646634615384616 0.5649038461538461 0.021634615384615384 0.021634615384615384
0 0.6478365384615384 0.5769230769230769 0.016826923076923076 0.016826923076923076
0 0.6502403846153846 0.6117788461538461 0.016826923076923076 0.016826923076923076
0 0.6201923076923077 0.6129807692307693 0.018028846153846152 0.018028846153846152
0 0.5961538461538461 0.6454326923076923 0.037259615384615384 0.037259615384615384
0 0.7067307692307693 0.6911057692307693 0.05048076923076923 0.05048076923076923
0 0.8329326923076923 0.6971153846153846 0.05048076923076923 0.05048076923076923
0 0.8305288461538461 0.6262019230769231 0.020432692307692308 0.020432692307692308
0 0.9567307692307693 0.5865384615384616 0.02283653846153846 0.02283653846153846
0 0.9362980769230769 0.5829326923076923 0.018028846153846152 0.018028846153846152
0 0.9326923076923077 0.6153846153846154 0.016826923076923076 0.016826923076923076
0 0.8629807692307693 0.5973557692307693 0.021634615384615384 0.021634615384615384
0 0.8942307692307693 0.5516826923076923 0.020432692307692308 0.020432692307692308
0 0.8762019230769231 0.5420673076923077 0.028846153846153848 0.028846153846153848
0 0.8930288461538461 0.5216346153846154 0.021634615384615384 0.021634615384615384
0 0.9254807692307693 0.5096153846153846 0.016826923076923076 0.016826923076923076
0 0.9711538461538461 0.4639423076923077 0.02283653846153846 0.02283653846153846
0 0.7596153846153846 0.7307692307692307 0.018028846153846152 0.018028846153846152
0 0.71875 0.7872596153846154 0.02283653846153846 0.02283653846153846
0 0.7548076923076923 0.7896634615384616 0.030048076923076924 0.030048076923076924
0 0.7692307692307693 0.8149038461538461 0.020432692307692308 0.020432692307692308
0 0.7379807692307693 0.8641826923076923 0.016826923076923076 0.016826923076923076
0 0.7487980769230769 0.8269230769230769 0.026442307692307692 0.026442307692307692
0 0.7307692307692307 0.8461538461538461 0.03485576923076923 0.03485576923076923
0 0.65625 0.8653846153846154 0.038461538461538464 0.038461538461538464
0 0.5721153846153846 0.8762019230769231 0.056490384615384616 0.056490384615384616
0 0.7139423076923077 0.34975961538461536 0.021634615384615384 0.021634615384615384
0 0.7235576923076923 0.36538461538461536 0.020432692307692308 0.020432692307692308
0 0.8064903846153846 0.3629807692307692 0.020432692307692308 0.020432692307692308
0 0.7848557692307693 0.35096153846153844 0.02283653846153846 0.02283653846153846
0 0.6189903846153846 0.17668269230769232 0.020432692307692308 0.020432692307692308
0 0.7247596153846154 0.13701923076923078 0.016826923076923076 0.016826923076923076
0 0.78125 0.22956730769230768 0.020432692307692308 0.020432692307692308
0 0.9086538461538461 0.21995192307692307 0.03365384615384615 0.03365384615384615
0 0.8713942307692307 0.18870192307692307 0.016826923076923076 0.016826923076923076
0 0.8653846153846154 0.13581730769230768 0.03485576923076923 0.03485576923076923
0 0.9711538461538461 0.3545673076923077 0.025240384615384616 0.025240384615384616
0 0.8461538461538461 0.4338942307692308 0.08173076923076923 0.08173076923076923
0 0.9675480769230769 0.43990384615384615 0.018028846153846152 0.018028846153846152
0 0.9122596153846154 0.8846153846153846 0.05889423076923077 0.05889423076923077
0 0.9711538461538461 0.8846153846153846 0.020432692307692308 0.020432692307692308
0 0.84375 0.8822115384615384 0.055288461538461536 0.055288461538461536
0 0.8269230769230769 0.9254807692307693 0.038461538461538464 0.038461538461538464
0 0.9086538461538461 0.8245192307692307 0.018028846153846152 0.018028846153846152
0 0.9110576923076923 0.8028846153846154 0.018028846153846152 0.018028846153846152
0 0.8617788461538461 0.7247596153846154 0.018028846153846152 0.018028846153846152
0 0.6935096153846154 0.9122596153846154 0.055288461538461536 0.055288461538461536
0 0.7728365384615384 0.9723557692307693 0.039663461538461536 0.039663461538461536
0 0.9134615384615384 0.6502403846153846 0.020432692307692308 0.020432692307692308
0 0.4987980769230769 0.9411057692307693 0.02283653846153846 0.02283653846153846
0 0.46634615384615385 0.9314903846153846 0.02283653846153846 0.02283653846153846
0 0.5697115384615384 0.9603365384615384 0.016826923076923076 0.016826923076923076
0 0.20793269230769232 0.9567307692307693 0.030048076923076924 0.030048076923076924
0 0.16105769230769232 0.9471153846153846 0.025240384615384616 0.025240384615384616
0 0.1502403846153846 0.9471153846153846 0.05048076923076923 0.05048076923076923
0 0.2620192307692308 0.8269230769230769 0.02283653846153846 0.02283653846153846
0 0.28725961538461536 0.7644230769230769 0.016826923076923076 0.016826923076923076
0 0.4362980769230769 0.8461538461538461 0.018028846153846152 0.018028846153846152
0 0.45072115384615385 0.9038461538461539 0.06490384615384616 0.06490384615384616
0 0.5552884615384616 0.8052884615384616 0.021634615384615384 0.021634615384615384
0 0.5108173076923077 0.7043269230769231 0.016826923076923076 0.016826923076923076
0 0.2920673076923077 0.84375 0.03485576923076923 0.03485576923076923
0 0.6502403846153846 0.9519230769230769 0.06490384615384616 0.06490384615384616
0 0.6129807692307693 0.9735576923076923 0.020432692307692308 0.020432692307692308
0 0.7908653846153846 0.24639423076923078 0.24879807692307693 0.24879807692307693