0 0.4675480769230769 0.7391826923076923 0.2800480769230769 0.2800480769230769
0 0.5637019230769231 0.6237980769230769 0.24879807692307693 0.24879807692307693
0 0.21875 0.6370192307692307 0.15504807692307693 0.15504807692307693
0 0.08052884615384616 0.6875 0.15504807692307693 0.15504807692307693
0 0.8677884615384616 0.07211538461538461 0.021634615384615384 0.021634615384615384
0 0.9651442307692307 0.08774038461538461 0.016826923076923076 0.016826923076923076
0 0.1971153846153846 0.014423076923076924 0.021634615384615384 0.021634615384615384
0 0.33533653846153844 0.11778846153846154 0.052884615384615384 0.052884615384615384
0 0.05048076923076923 0.07211538461538461 0.03125 0.03125
0 0.020432692307692308 0.07211538461538461 0.026442307692307692 0.026442307692307692
0 0.020432692307692308 0.021634615384615384 0.025240384615384616 0.025240384615384616
0 0.14543269230769232 0.06971153846153846 0.03485576923076923 0.03485576923076923
0 0.04807692307692308 0.15625 0.02283653846153846 0.02283653846153846
0 0.2536057692307692 0.27163461538461536 0.05048076923076923 0.05048076923076923
0 0.1466346153846154 0.3329326923076923 0.030048076923076924 0.030048076923076924
0 0.40024038461538464 0.2824519230769231 0.06490384615384616 0.06490384615384616
0 0.042067307692307696 0.6177884615384616 0.028846153846153848 0.028846153846153848
0 0.06971153846153846 0.5637019230769231 0.07451923076923077 0.07451923076923077
0 0.09615384615384616 0.5252403846153846 0.016826923076923076 0.016826923076923076
0 0.06370192307692307 0.5036057692307693 0.025240384615384616 0.025240384615384616
0 0.4266826923076923 0.4375 0.025240384615384616 0.025240384615384616
0 0.5168269230769231 0.36778846153846156 0.037259615384615384 0.037259615384615384
0 0.546875 0.2512019230769231 0.016826923076923076 0.016826923076923076
0 0.38100961538461536 0.43028846153846156 0.025240384615384616 0.025240384615384616
0 0.36778846153846156 0.4519230769230769 0.02283653846153846 0.02283653846153846
0 0.38341346153846156 0.640625 0.026442307692307692 0.026442307692307692
0 0.3329326923076923 0.6754807692307693 0.021634615384615384 0.021634615384615384
0 0.6947115384615384 0.3629807692307692 0.021634615384615384 0.021634615384615384
0 0.7115384615384616 0.46033653846153844 0.025240384615384616 0.025240384615384616
0 0.890625 0.6009615384615384 0.078125 0.078125
0 0.9038461538461539 0.546875 0.020432692307692308 0.020432692307692308
0 0.9819711538461539 0.5588942307692307 0.026442307692307692 0.026442307692307692
0 0.96875 0.5480769230769231 0.026442307692307692 0.026442307692307692
0 0.8822115384615384 0.36538461538461536 0.021634615384615384 0.021634615384615384
0 0.8762019230769231 0.2692307692307692 0.016826923076923076 0.016826923076923076
0 0.8605769230769231 0.2403846153846154 0.02283653846153846 0.02283653846153846
0 0.9723557692307693 0.1310096153846154 0.020432692307692308 0.020432692307692308
0 0.5877403846153846 0.20192307692307693 0.038461538461538464 0.038461538461538464
0 0.5769230769230769 0.24879807692307693 0.018028846153846152 0.018028846153846152
0 0.6394230769230769 0.33533653846153844 0.039663461538461536 0.039663461538461536
0 0.8425480769230769 0.43509615384615385 0.27884615384615385 0.27884615384615385
0 0.6286057692307693 0.28125 0.020432692307692308 0.020432692307692308
0 0.6021634615384616 0.6382211538461539 0.04447115384615385 0.04447115384615385
0 0.9471153846153846 0.8269230769230769 0.03485576923076923 0.03485576923076923
0 0.9603365384615384 0.9254807692307693 0.021634615384615384 0.021634615384615384
0 0.9098557692307693 0.9098557692307693 0.020432692307692308 0.020432692307692308
0 0.8942307692307693 0.90625 0.018028846153846152 0.018028846153846152
0 0.8737980769230769 0.8401442307692307 0.020432692307692308 0.020432692307692308
0 0.8605769230769231 0.8185096153846154 0.021634615384615384 0.021634615384615384
0 0.9579326923076923 0.7596153846153846 0.030048076923076924 0.030048076923076924
0 0.8173076923076923 0.7463942307692307 0.018028846153846152 0.018028846153846152
0 0.6923076923076923 0.7055288461538461 0.025240384615384616 0.025240384615384616
0 0.6454326923076923 0.6766826923076923 0.04326923076923077 0.04326923076923077
0 0.6189903846153846 0.7115384615384616 0.03365384615384615 0.03365384615384615
0 0.5372596153846154 0.703125 0.042067307692307696 0.042067307692307696
0 0.5144230769230769 0.7572115384615384 0.018028846153846152 0.018028846153846152
0 0.5516826923076923 0.8233173076923077 0.042067307692307696 0.042067307692307696
0 0.44350961538461536 0.7451923076923077 0.021634615384615384 0.021634615384615384
0 0.41947115384615385 0.7307692307692307 0.02283653846153846 0.02283653846153846
0 0.39783653846153844 0.7752403846153846 0.025240384615384616 0.025240384615384616
0 0.4519230769230769 0.8485576923076923 0.018028846153846152 0.018028846153846152
0 0.5372596153846154 0.8822115384615384 0.04326923076923077 0.04326923076923077
0 0.46153846153846156 0.8966346153846154 0.0829326923076923 0.0829326923076923
0 0.3798076923076923 0.8653846153846154 0.06129807692307692 0.06129807692307692
0 0.27524038461538464 0.8401442307692307 0.016826923076923076 0.016826923076923076
0 0.1814903846153846 0.8016826923076923 0.02283653846153846 0.02283653846153846
0 0.4050480769230769 0.9038461538461539 0.021634615384615384 0.021634615384615384
0 0.7055288461538461 0.9134615384615384 0.02283653846153846 0.02283653846153846
0 0.6887019230769231 0.8930288461538461 0.018028846153846152 0.018028846153846152
0 0.7836538461538461 0.8521634615384616 0.021634615384615384 0.021634615384615384
0 0.7704326923076923 0.8725961538461539 0.026442307692307692 0.026442307692307692
0 0.7211538461538461 0.9759615384615384 0.020432692307692308 0.020432692307692308
0 0.35096153846153844 0.9663461538461539 0.03125 0.03125
0 0.39783653846153844 0.9723557692307693 0.04807692307692308 0.04807692307692308
0 0.20072115384615385 0.9879807692307693 0.018028846153846152 0.018028846153846152
0 0.051682692307692304 0.7944711538461539 0.025240384615384616 0.025240384615384616
0 0.109375 0.7620192307692307 0.021634615384615384 0.021634615384615384
0 0.9675480769230769 0.9651442307692307 0.02283653846153846 0.02283653846153846
0 0.8954326923076923 0.9591346153846154 0.051682692307692304 0.051682692307692304