0 0.8798076923076923 0.04927884615384615 0.02283653846153846 0.02283653846153846
0 0.6586538461538461 0.09975961538461539 0.020432692307692308 0.020432692307692308
0 0.7680288461538461 0.11538461538461539 0.06850961538461539 0.06850961538461539
0 0.7151442307692307 0.0985576923076923 0.016826923076923076 0.016826923076923076
0 0.8329326923076923 0.09134615384615384 0.016826923076923076 0.016826923076923076
0 0.9567307692307693 0.020432692307692308 0.025240384615384616 0.025240384615384616
0 0.7043269230769231 0.23557692307692307 0.03125 0.03125
0 0.7560096153846154 0.24519230769230768 0.018028846153846152 0.018028846153846152
0 0.7824519230769231 0.25721153846153844 0.026442307692307692 0.026442307692307692
0 0.71875 0.3137019230769231 0.018028846153846152 0.018028846153846152
0 0.6322115384615384 0.2620192307692308 0.03485576923076923 0.03485576923076923
0 0.5829326923076923 0.3317307692307692 0.06490384615384616 0.06490384615384616
0 0.6286057692307693 0.19591346153846154 0.18629807692307693 0.18629807692307693
0 0.9483173076923077 0.22596153846153846 0.026442307692307692 0.026442307692307692
0 0.8088942307692307 0.2920673076923077 0.021634615384615384 0.021634615384615384
0 0.8629807692307693 0.28846153846153844 0.018028846153846152 0.018028846153846152
0 0.890625 0.33774038461538464 0.042067307692307696 0.042067307692307696
0 0.9699519230769231 0.32091346153846156 0.020432692307692308 0.020432692307692308
0 0.23798076923076922 0.13221153846153846 0.02283653846153846 0.02283653846153846
0 0.055288461538461536 0.15745192307692307 0.02283653846153846 0.02283653846153846
0 0.14543269230769232 0.17307692307692307 0.018028846153846152 0.018028846153846152
0 0.1502403846153846 0.1875 0.016826923076923076 0.016826923076923076
0 0.1502403846153846 0.203125 0.020432692307692308 0.020432692307692308
0 0.18389423076923078 0.15625 0.02283653846153846 0.02283653846153846
0 0.16346153846153846 0.15985576923076922 0.028846153846153848 0.028846153846153848
0 0.1935096153846154 0.12139423076923077 0.037259615384615384 0.037259615384615384
0 0.13701923076923078 0.09615384615384616 0.14543269230769232 0.14543269230769232
0 0.11538461538461539 0.09975961538461539 0.016826923076923076 0.016826923076923076
0 0.359375 0.15384615384615385 0.12860576923076922 0.12860576923076922
0 0.25961538461538464 0.22115384615384615 0.026442307692307692 0.026442307692307692
0 0.2608173076923077 0.2512019230769231 0.016826923076923076 0.016826923076923076
0 0.2668269230769231 0.24639423076923078 0.08173076923076923 0.08173076923076923
0 0.3076923076923077 0.2764423076923077 0.018028846153846152 0.018028846153846152
0 0.3762019230769231 0.2620192307692308 0.018028846153846152 0.018028846153846152
0 0.23197115384615385 0.31490384615384615 0.02283653846153846 0.02283653846153846
0 0.0625 0.31490384615384615 0.03485576923076923 0.03485576923076923
0 0.03485576923076923 0.5625 0.020432692307692308 0.020432692307692308
0 0.02403846153846154 0.5420673076923077 0.02283653846153846 0.02283653846153846
0 0.039663461538461536 0.6165865384615384 0.018028846153846152 0.018028846153846152
0 0.019230769230769232 0.6766826923076923 0.018028846153846152 0.018028846153846152
0 0.203125 0.5997596153846154 0.1045673076923077 0.1045673076923077
0 0.20072115384615385 0.47115384615384615 0.020432692307692308 0.020432692307692308
0 0.2403846153846154 0.47475961538461536 0.020432692307692308 0.020432692307692308
0 0.15504807692307693 0.3870192307692308 0.016826923076923076 0.016826923076923076
0 0.2668269230769231 0.35216346153846156 0.02283653846153846 0.02283653846153846
0 0.22235576923076922 0.36177884615384615 0.018028846153846152 0.018028846153846152
0 0.3245192307692308 0.3798076923076923 0.018028846153846152 0.018028846153846152
0 0.31850961538461536 0.4014423076923077 0.030048076923076924 0.030048076923076924
0 0.25961538461538464 0.4026442307692308 0.05889423076923077 0.05889423076923077
0 0.4879807692307692 0.6069711538461539 0.039663461538461536 0.039663461538461536
0 0.31009615384615385 0.6478365384615384 0.06009615384615385 0.06009615384615385
0 0.59375 0.59375 0.026442307692307692 0.026442307692307692
0 0.6069711538461539 0.6310096153846154 0.02283653846153846 0.02283653846153846
0 0.6814903846153846 0.6430288461538461 0.026442307692307692 0.026442307692307692
0 0.6370192307692307 0.5673076923076923 0.02283653846153846 0.02283653846153846
0 0.515625 0.4699519230769231 0.018028846153846152 0.018028846153846152
0 0.49038461538461536 0.4074519230769231 0.018028846153846152 0.018028846153846152
0 0.5 0.3894230769230769 0.02283653846153846 0.02283653846153846
0 0.6742788461538461 0.53125 0.0829326923076923 0.0829326923076923
0 0.6177884615384616 0.2956730769230769 0.020432692307692308 0.020432692307692308
0 0.3389423076923077 0.2932692307692308 0.11057692307692307 0.11057692307692307
0 0.6526442307692307 0.6862980769230769 0.08774038461538461 0.08774038461538461
0 0.48197115384615385 0.7163461538461539 0.028846153846153848 0.028846153846153848
0 0.4831730769230769 0.7800480769230769 0.016826923076923076 0.016826923076923076
0 0.16346153846153846 0.7163461538461539 0.296875 0.296875
0 0.10697115384615384 0.7860576923076923 0.018028846153846152 0.018028846153846152
0 0.15384615384615385 0.7019230769230769 0.021634615384615384 0.021634615384615384
0 0.042067307692307696 0.8425480769230769 0.03365384615384615 0.03365384615384615
0 0.7896634615384616 0.45552884615384615 0.03365384615384615 0.03365384615384615
0 0.7728365384615384 0.44711538461538464 0.021634615384615384 0.021634615384615384
0 0.7115384615384616 0.49158653846153844 0.021634615384615384 0.021634615384615384
0 0.953125 0.546875 0.04807692307692308 0.04807692307692308
0 0.9423076923076923 0.5805288461538461 0.030048076923076924 0.030048076923076924
0 0.8425480769230769 0.5096153846153846 0.02283653846153846 0.02283653846153846
0 0.8629807692307693 0.4026442307692308 0.042067307692307696 0.042067307692307696
0 0.9314903846153846 0.4411057692307692 0.056490384615384616 0.056490384615384616
0 0.8990384615384616 0.46274038461538464 0.02283653846153846 0.02283653846153846
0 0.8713942307692307 0.5264423076923077 0.04807692307692308 0.04807692307692308
0 0.8245192307692307 0.5528846153846154 0.030048076923076924 0.030048076923076924
0 0.9038461538461539 0.6634615384615384 0.021634615384615384 0.021634615384615384
0 0.9158653846153846 0.6814903846153846 0.025240384615384616 0.025240384615384616
0 0.9819711538461539 0.9711538461538461 0.021634615384615384 0.021634615384615384
0 0.9603365384615384 0.9278846153846154 0.020432692307692308 0.020432692307692308
0 0.9579326923076923 0.9591346153846154 0.038461538461538464 0.038461538461538464
0 0.9098557692307693 0.8569711538461539 0.018028846153846152 0.018028846153846152
0 0.8028846153846154 0.8689903846153846 0.018028846153846152 0.018028846153846152
0 0.78125 0.8882211538461539 0.018028846153846152 0.018028846153846152
0 0.7704326923076923 0.9038461538461539 0.020432692307692308 0.020432692307692308
0 0.7463942307692307 0.828125 0.021634615384615384 0.021634615384615384
0 0.7379807692307693 0.78125 0.025240384615384616 0.025240384615384616
0 0.6995192307692307 0.7932692307692307 0.018028846153846152 0.018028846153846152
0 0.6382211538461539 0.8197115384615384 0.0733173076923077 0.0733173076923077
0 0.4519230769230769 0.9182692307692307 0.016826923076923076 0.016826923076923076
0 0.48677884615384615 0.9567307692307693 0.02283653846153846 0.02283653846153846
0 0.42788461538461536 0.9471153846153846 0.030048076923076924 0.030048076923076924
0 0.40024038461538464 0.8112980769230769 0.021634615384615384 0.021634615384615384
0 0.8161057692307693 0.7103365384615384 0.018028846153846152 0.018028846153846152
0 0.8161057692307693 0.6766826923076923 0.018028846153846152 0.018028846153846152
0 0.7752403846153846 0.7355769230769231 0.04326923076923077 0.04326923076923077
0 0.7439903846153846 0.6995192307692307 0.03365384615384615 0.03365384615384615
0 0.6598557692307693 0.9711538461538461 0.03365384615384615 0.03365384615384615
0 0.07572115384615384 0.9038461538461539 0.09975961538461539 0.09975961538461539
0 0.27524038461538464 0.9663461538461539 0.03125 0.03125
0 0.1141826923076923 0.9759615384615384 0.025240384615384616 0.025240384615384616