0 0.4651442307692308 0.5324519230769231 0.3161057692307692 0.3161057692307692
0 0.3629807692307692 0.36778846153846156 0.3317307692307692 0.3317307692307692
0 0.9194711538461539 0.039663461538461536 0.018028846153846152 0.018028846153846152
0 0.9098557692307693 0.11298076923076923 0.018028846153846152 0.018028846153846152
0 0.8713942307692307 0.2980769230769231 0.021634615384615384 0.021634615384615384
0 0.8605769230769231 0.3076923076923077 0.018028846153846152 0.018028846153846152
0 0.7896634615384616 0.2932692307692308 0.03365384615384615 0.03365384615384615
0 0.7307692307692307 0.28966346153846156 0.07211538461538461 0.07211538461538461
0 0.6105769230769231 0.29447115384615385 0.030048076923076924 0.030048076923076924
0 0.6394230769230769 0.31009615384615385 0.039663461538461536 0.039663461538461536
0 0.5961538461538461 0.3269230769230769 0.020432692307692308 0.020432692307692308
0 0.5721153846153846 0.265625 0.018028846153846152 0.018028846153846152
0 0.5540865384615384 0.23317307692307693 0.04326923076923077 0.04326923076923077
0 0.5264423076923077 0.26322115384615385 0.039663461538461536 0.039663461538461536
0 0.4855769230769231 0.28365384615384615 0.06129807692307692 0.06129807692307692
0 0.34375 0.21033653846153846 0.020432692307692308 0.020432692307692308
0 0.3112980769230769 0.20192307692307693 0.018028846153846152 0.018028846153846152
0 0.3173076923076923 0.21875 0.020432692307692308 0.020432692307692308
0 0.042067307692307696 0.11057692307692307 0.018028846153846152 0.018028846153846152
0 0.03245192307692308 0.11538461538461539 0.021634615384615384 0.021634615384615384
0 0.019230769230769232 0.3269230769230769 0.018028846153846152 0.018028846153846152
0 0.13341346153846154 0.3161057692307692 0.020432692307692308 0.020432692307692308
0 0.12980769230769232 0.40384615384615385 0.021634615384615384 0.021634615384615384
0 0.04447115384615385 0.3942307692307692 0.020432692307692308 0.020432692307692308
0 0.016826923076923076 0.42788461538461536 0.021634615384615384 0.021634615384615384
0 0.13341346153846154 0.46274038461538464 0.020432692307692308 0.020432692307692308
0 0.06129807692307692 0.6550480769230769 0.021634615384615384 0.021634615384615384
0 0.17307692307692307 0.5060096153846154 0.06129807692307692 0.06129807692307692
0 0.2824519230769231 0.6862980769230769 0.018028846153846152 0.018028846153846152
0 0.3269230769230769 0.7199519230769231 0.021634615384615384 0.021634615384615384
0 0.34615384615384615 0.7355769230769231 0.021634615384615384 0.021634615384615384
0 0.36538461538461536 0.7752403846153846 0.046875 0.046875
0 0.49038461538461536 0.5504807692307693 0.020432692307692308 0.020432692307692308
0 0.453125 0.5504807692307693 0.020432692307692308 0.020432692307692308
0 0.43149038461538464 0.375 0.018028846153846152 0.018028846153846152
0 0.5673076923076923 0.46875 0.020432692307692308 0.020432692307692308
0 0.020432692307692308 0.7764423076923077 0.039663461538461536 0.039663461538461536
0 0.01201923076923077 0.8064903846153846 0.020432692307692308 0.020432692307692308
0 0.054086538461538464 0.8052884615384616 0.02283653846153846 0.02283653846153846
0 0.027644230769230768 0.9350961538461539 0.018028846153846152 0.018028846153846152
0 0.07211538461538461 0.90625 0.020432692307692308 0.020432692307692308
0 0.07091346153846154 0.9326923076923077 0.052884615384615384 0.052884615384615384
0 0.15384615384615385 0.8004807692307693 0.025240384615384616 0.025240384615384616
0 0.14182692307692307 0.8161057692307693 0.018028846153846152 0.018028846153846152
0 0.18870192307692307 0.7944711538461539 0.026442307692307692 0.026442307692307692
0 0.11658653846153846 0.9771634615384616 0.03365384615384615 0.03365384615384615
0 0.2644230769230769 0.9170673076923077 0.1045673076923077 0.1045673076923077
0 0.2247596153846154 0.9747596153846154 0.021634615384615384 0.021634615384615384
0 0.34134615384615385 0.8257211538461539 0.08052884615384616 0.08052884615384616
0 0.17427884615384615 0.8293269230769231 0.039663461538461536 0.039663461538461536
0 0.4362980769230769 0.7055288461538461 0.24519230769230768 0.24519230769230768
0 0.6875 0.48197115384615385 0.056490384615384616 0.056490384615384616
0 0.6586538461538461 0.5168269230769231 0.021634615384615384 0.021634615384615384
0 0.5985576923076923 0.42427884615384615 0.018028846153846152 0.018028846153846152
0 0.8341346153846154 0.47716346153846156 0.020432692307692308 0.020432692307692308
0 0.8810096153846154 0.375 0.018028846153846152 0.018028846153846152
0 0.9122596153846154 0.3701923076923077 0.02283653846153846 0.02283653846153846
0 0.9206730769230769 0.6742788461538461 0.018028846153846152 0.018028846153846152
0 0.9194711538461539 0.6923076923076923 0.018028846153846152 0.018028846153846152
0 0.8137019230769231 0.7247596153846154 0.018028846153846152 0.018028846153846152
0 0.7860576923076923 0.6201923076923077 0.026442307692307692 0.026442307692307692
0 0.7019230769230769 0.5997596153846154 0.018028846153846152 0.018028846153846152
0 0.6622596153846154 0.6706730769230769 0.020432692307692308 0.020432692307692308
0 0.46634615384615385 0.8064903846153846 0.051682692307692304 0.051682692307692304
0 0.44471153846153844 0.9447115384615384 0.021634615384615384 0.021634615384615384
0 0.4879807692307692 0.8617788461538461 0.028846153846153848 0.028846153846153848
0 0.5528846153846154 0.8569711538461539 0.02283653846153846 0.02283653846153846
0 0.5625 0.8858173076923077 0.018028846153846152 0.018028846153846152
0 0.6237980769230769 0.8954326923076923 0.06129807692307692 0.06129807692307692
0 0.4855769230769231 0.9579326923076923 0.018028846153846152 0.018028846153846152
0 0.6213942307692307 0.8221153846153846 0.018028846153846152 0.018028846153846152
0 0.6310096153846154 0.8413461538461539 0.03365384615384615 0.03365384615384615
0 0.7620192307692307 0.9194711538461539 0.052884615384615384 0.052884615384615384
0 0.7367788461538461 0.9663461538461539 0.042067307692307696 0.042067307692307696
0 0.9567307692307693 0.8473557692307693 0.06009615384615385 0.06009615384615385
0 0.9086538461538461 0.84375 0.020432692307692308 0.020432692307692308
0 0.9038461538461539 0.8737980769230769 0.039663461538461536 0.039663461538461536
0 0.8221153846153846 0.9387019230769231 0.018028846153846152 0.018028846153846152
0 0.02403846153846154 0.5600961538461539 0.020432692307692308 0.020432692307692308
0 0.6802884615384616 0.42427884615384615 0.1466346153846154 0.1466346153846154