0 0.20072115384615385 0.46875 0.33052884615384615 0.33052884615384615
0 0.9603365384615384 0.0625 0.04326923076923077 0.04326923076923077
0 0.9483173076923077 0.23557692307692307 0.020432692307692308 0.020432692307692308
0 0.8894230769230769 0.28125 0.02283653846153846 0.02283653846153846
0 0.7728365384615384 0.2704326923076923 0.037259615384615384 0.037259615384615384
0 0.8293269230769231 0.3329326923076923 0.1466346153846154 0.1466346153846154
0 0.7163461538461539 0.35216346153846156 0.11538461538461539 0.11538461538461539
0 0.7800480769230769 0.20552884615384615 0.021634615384615384 0.021634615384615384
0 0.9038461538461539 0.06610576923076923 0.06971153846153846 0.06971153846153846
0 0.9338942307692307 0.39663461538461536 0.037259615384615384 0.037259615384615384
0 0.9375 0.4338942307692308 0.051682692307692304 0.051682692307692304
0 0.8846153846153846 0.5084134615384616 0.02283653846153846 0.02283653846153846
0 0.6875 0.12139423076923077 0.018028846153846152 0.018028846153846152
0 0.5612980769230769 0.30288461538461536 0.026442307692307692 0.026442307692307692
0 0.4951923076923077 0.11057692307692307 0.020432692307692308 0.020432692307692308
0 0.6899038461538461 0.04326923076923077 0.020432692307692308 0.020432692307692308
0 0.7127403846153846 0.010817307692307692 0.016826923076923076 0.016826923076923076
0 0.7872596153846154 0.12379807692307693 0.018028846153846152 0.018028846153846152
0 0.4074519230769231 0.0889423076923077 0.020432692307692308 0.020432692307692308
0 0.36778846153846156 0.12740384615384615 0.020432692307692308 0.020432692307692308
0 0.19951923076923078 0.025240384615384616 0.046875 0.046875
0 0.234375 0.036057692307692304 0.021634615384615384 0.021634615384615384
0 0.12620192307692307 0.18269230769230768 0.020432692307692308 0.020432692307692308
0 0.16466346153846154 0.1971153846153846 0.021634615384615384 0.021634615384615384
0 0.2620192307692308 0.26802884615384615 0.021634615384615384 0.021634615384615384
0 0.2644230769230769 0.29447115384615385 0.039663461538461536 0.039663461538461536
0 0.3088942307692308 0.32211538461538464 0.030048076923076924 0.030048076923076924
0 0.28966346153846156 0.3088942307692308 0.02283653846153846 0.02283653846153846
0 0.36899038461538464 0.3701923076923077 0.028846153846153848 0.028846153846153848
0 0.41346153846153844 0.4026442307692308 0.09134615384615384 0.09134615384615384
0 0.484375 0.3425480769230769 0.052884615384615384 0.052884615384615384
0 0.4254807692307692 0.3245192307692308 0.018028846153846152 0.018028846153846152
0 0.48197115384615385 0.47836538461538464 0.05889423076923077 0.05889423076923077
0 0.484375 0.5168269230769231 0.03485576923076923 0.03485576923076923
0 0.2512019230769231 0.4338942307692308 0.020432692307692308 0.020432692307692308
0 0.05889423076923077 0.32211538461538464 0.025240384615384616 0.025240384615384616
0 0.20192307692307693 0.2512019230769231 0.025240384615384616 0.025240384615384616
0 0.1502403846153846 0.28966346153846156 0.028846153846153848 0.028846153846153848
0 0.14302884615384615 0.2644230769230769 0.025240384615384616 0.025240384615384616
0 0.038461538461538464 0.6322115384615384 0.039663461538461536 0.039663461538461536
0 0.13822115384615385 0.6694711538461539 0.11658653846153846 0.11658653846153846
0 0.26322115384615385 0.7752403846153846 0.020432692307692308 0.020432692307692308
0 0.46033653846153844 0.6298076923076923 0.025240384615384616 0.025240384615384616
0 0.5396634615384616 0.6454326923076923 0.028846153846153848 0.028846153846153848
0 0.5372596153846154 0.6646634615384616 0.06850961538461539 0.06850961538461539
0 0.5925480769230769 0.7007211538461539 0.055288461538461536 0.055288461538461536
0 0.4098557692307692 0.6586538461538461 0.016826923076923076 0.016826923076923076
0 0.3485576923076923 0.7319711538461539 0.018028846153846152 0.018028846153846152
0 0.34375 0.7716346153846154 0.018028846153846152 0.018028846153846152
0 0.31009615384615385 0.7752403846153846 0.037259615384615384 0.037259615384615384
0 0.40384615384615385 0.7139423076923077 0.08533653846153846 0.08533653846153846
0 0.4387019230769231 0.7536057692307693 0.016826923076923076 0.016826923076923076
0 0.49278846153846156 0.828125 0.08653846153846154 0.08653846153846154
0 0.5072115384615384 0.9302884615384616 0.03365384615384615 0.03365384615384615
0 0.6177884615384616 0.9194711538461539 0.06490384615384616 0.06490384615384616
0 0.2980769230769231 0.8016826923076923 0.016826923076923076 0.016826923076923076
0 0.203125 0.8257211538461539 0.052884615384615384 0.052884615384615384
0 0.6322115384615384 0.796875 0.016826923076923076 0.016826923076923076
0 0.5588942307692307 0.8269230769230769 0.04326923076923077 0.04326923076923077
0 0.7451923076923077 0.9302884615384616 0.021634615384615384 0.021634615384615384
0 0.7536057692307693 0.8954326923076923 0.05048076923076923 0.05048076923076923
0 0.6586538461538461 0.7163461538461539 0.03485576923076923 0.03485576923076923
0 0.6971153846153846 0.7800480769230769 0.02283653846153846 0.02283653846153846
0 0.6778846153846154 0.7632211538461539 0.016826923076923076 0.016826923076923076
0 0.7644230769230769 0.7151442307692307 0.046875 0.046875
0 0.7271634615384616 0.7644230769230769 0.028846153846153848 0.028846153846153848
0 0.765625 0.7584134615384616 0.06370192307692307 0.06370192307692307
0 0.8197115384615384 0.7956730769230769 0.03125 0.03125
0 0.8004807692307693 0.8305288461538461 0.055288461538461536 0.055288461538461536
0 0.5012019230769231 0.5913461538461539 0.030048076923076924 0.030048076923076924
0 0.5637019230769231 0.4879807692307692 0.020432692307692308 0.020432692307692308
0 0.40865384615384615 0.2620192307692308 0.016826923076923076 0.016826923076923076
0 0.3918269230769231 0.3269230769230769 0.039663461538461536 0.039663461538461536
0 0.3786057692307692 0.3004807692307692 0.06490384615384616 0.06490384615384616
0 0.6021634615384616 0.46274038461538464 0.025240384615384616 0.025240384615384616
0 0.6105769230769231 0.5 0.03365384615384615 0.03365384615384615
0 0.6237980769230769 0.5769230769230769 0.02283653846153846 0.02283653846153846
0 0.8185096153846154 0.5733173076923077 0.018028846153846152 0.018028846153846152
0 0.9387019230769231 0.6153846153846154 0.021634615384615384 0.021634615384615384
0 0.9098557692307693 0.5793269230769231 0.021634615384615384 0.021634615384615384
0 0.7163461538461539 0.5685096153846154 0.037259615384615384 0.037259615384615384
0 0.9591346153846154 0.8197115384615384 0.025240384615384616 0.025240384615384616
0 0.8966346153846154 0.8713942307692307 0.14182692307692307 0.14182692307692307
0 0.9110576923076923 0.9302884615384616 0.030048076923076924 0.030048076923076924
0 0.7079326923076923 0.9675480769230769 0.02283653846153846 0.02283653846153846
0 0.8293269230769231 0.9495192307692307 0.03365384615384615 0.03365384615384615
0 0.5348557692307693 0.9819711538461539 0.020432692307692308 0.020432692307692308
0 0.3161057692307692 0.8473557692307693 0.03365384615384615 0.03365384615384615
0 0.7884615384615384 0.0625 0.03125 0.03125
0 0.17908653846153846 0.2776442307692308 0.03485576923076923 0.03485576923076923