0 0.9627403846153846 0.2608173076923077 0.02283653846153846 0.02283653846153846
0 0.7668269230769231 0.039663461538461536 0.020432692307692308 0.020432692307692308
0 0.7235576923076923 0.052884615384615384 0.016826923076923076 0.016826923076923076
0 0.5612980769230769 0.0733173076923077 0.016826923076923076 0.016826923076923076
0 0.5925480769230769 0.1814903846153846 0.02283653846153846 0.02283653846153846
0 0.7439903846153846 0.13701923076923078 0.020432692307692308 0.020432692307692308
0 0.7896634615384616 0.2548076923076923 0.03125 0.03125
0 0.6730769230769231 0.27524038461538464 0.03365384615384615 0.03365384615384615
0 0.8016826923076923 0.22115384615384615 0.021634615384615384 0.021634615384615384
0 0.5216346153846154 0.09375 0.020432692307692308 0.020432692307692308
0 0.4639423076923077 0.0673076923076923 0.025240384615384616 0.025240384615384616
0 0.4495192307692308 0.05048076923076923 0.021634615384615384 0.021634615384615384
0 0.453125 0.14302884615384615 0.05889423076923077 0.05889423076923077
0 0.7932692307692307 0.10817307692307693 0.046875 0.046875
0 0.78125 0.06129807692307692 0.07451923076923077 0.07451923076923077
0 0.3870192307692308 0.26802884615384615 0.03365384615384615 0.03365384615384615
0 0.36658653846153844 0.3233173076923077 0.018028846153846152 0.018028846153846152
0 0.2536057692307692 0.30528846153846156 0.05048076923076923 0.05048076923076923
0 0.2920673076923077 0.33533653846153844 0.05048076923076923 0.05048076923076923
0 0.41466346153846156 0.34975961538461536 0.021634615384615384 0.021634615384615384
0 0.2920673076923077 0.38461538461538464 0.10216346153846154 0.10216346153846154
0 0.037259615384615384 0.34615384615384615 0.021634615384615384 0.021634615384615384
0 0.20793269230769232 0.5024038461538461 0.037259615384615384 0.037259615384615384
0 0.16105769230769232 0.5012019230769231 0.020432692307692308 0.020432692307692308
0 0.15745192307692307 0.5288461538461539 0.016826923076923076 0.016826923076923076
0 0.23677884615384615 0.42788461538461536 0.018028846153846152 0.018028846153846152
0 0.32572115384615385 0.4495192307692308 0.02283653846153846 0.02283653846153846
0 0.028846153846153848 0.5673076923076923 0.03485576923076923 0.03485576923076923
0 0.039663461538461536 0.4362980769230769 0.04807692307692308 0.04807692307692308
0 0.39783653846153844 0.3954326923076923 0.020432692307692308 0.020432692307692308
0 0.43028846153846156 0.4338942307692308 0.03365384615384615 0.03365384615384615
0 0.40024038461538464 0.4543269230769231 0.030048076923076924 0.030048076923076924
0 0.3737980769230769 0.4362980769230769 0.026442307692307692 0.026442307692307692
0 0.5733173076923077 0.47475961538461536 0.055288461538461536 0.055288461538461536
0 0.5552884615384616 0.5757211538461539 0.06370192307692307 0.06370192307692307
0 0.02403846153846154 0.7475961538461539 0.021634615384615384 0.021634615384615384
0 0.06009615384615385 0.7475961538461539 0.018028846153846152 0.018028846153846152
0 0.09134615384615384 0.6634615384615384 0.05889423076923077 0.05889423076923077
0 0.20793269230769232 0.6346153846153846 0.020432692307692308 0.020432692307692308
0 0.21754807692307693 0.65625 0.021634615384615384 0.021634615384615384
0 0.2403846153846154 0.6574519230769231 0.016826923076923076 0.016826923076923076
0 0.22956730769230768 0.6322115384615384 0.06971153846153846 0.06971153846153846
0 0.08533653846153846 0.5528846153846154 0.05889423076923077 0.05889423076923077
0 0.17307692307692307 0.8954326923076923 0.02283653846153846 0.02283653846153846
0 0.32572115384615385 0.5072115384615384 0.025240384615384616 0.025240384615384616
0 0.3317307692307692 0.5829326923076923 0.016826923076923076 0.016826923076923076
0 0.36778846153846156 0.5853365384615384 0.018028846153846152 0.018028846153846152
0 0.3762019230769231 0.6105769230769231 0.025240384615384616 0.025240384615384616
0 0.3485576923076923 0.6346153846153846 0.021634615384615384 0.021634615384615384
0 0.35096153846153844 0.6778846153846154 0.06009615384615385 0.06009615384615385
0 0.4182692307692308 0.546875 0.07692307692307693 0.07692307692307693
0 0.47115384615384615 0.4651442307692308 0.021634615384615384 0.021634615384615384
0 0.48197115384615385 0.5096153846153846 0.020432692307692308 0.020432692307692308
0 0.5 0.8269230769230769 0.018028846153846152 0.018028846153846152
0 0.20793269230769232 0.8389423076923077 0.02283653846153846 0.02283653846153846
0 0.7956730769230769 0.7283653846153846 0.03125 0.03125
0 0.90625 0.8137019230769231 0.020432692307692308 0.020432692307692308
0 0.6430288461538461 0.48677884615384615 0.038461538461538464 0.038461538461538464
0 0.8966346153846154 0.6478365384615384 0.020432692307692308 0.020432692307692308
0 0.8341346153846154 0.6670673076923077 0.020432692307692308 0.020432692307692308
0 0.7439903846153846 0.40625 0.018028846153846152 0.018028846153846152
0 0.7776442307692307 0.3954326923076923 0.021634615384615384 0.021634615384615384
0 0.7079326923076923 0.3545673076923077 0.02283653846153846 0.02283653846153846
0 0.43028846153846156 0.3762019230769231 0.020432692307692308 0.020432692307692308
0 0.44350961538461536 0.6237980769230769 0.04807692307692308 0.04807692307692308
0 0.6045673076923077 0.5396634615384616 0.05048076923076923 0.05048076923076923
0 0.6947115384615384 0.5036057692307693 0.055288461538461536 0.055288461538461536
0 0.7127403846153846 0.4206730769230769 0.046875 0.046875
0 0.8149038461538461 0.6081730769230769 0.021634615384615384 0.021634615384615384
0 0.8701923076923077 0.5805288461538461 0.03125 0.03125
0 0.3737980769230769 0.8966346153846154 0.038461538461538464 0.038461538461538464
0 0.4074519230769231 0.8545673076923077 0.19831730769230768 0.19831730769230768
0 0.5276442307692307 0.9362980769230769 0.056490384615384616 0.056490384615384616
0 0.5084134615384616 0.96875 0.020432692307692308 0.020432692307692308
0 0.4807692307692308 0.9579326923076923 0.042067307692307696 0.042067307692307696
0 0.13221153846153846 0.84375 0.056490384615384616 0.056490384615384616
0 0.18269230769230768 0.9495192307692307 0.020432692307692308 0.020432692307692308
0 0.18269230769230768 0.9651442307692307 0.018028846153846152 0.018028846153846152
0 0.11899038461538461 0.9483173076923077 0.026442307692307692 0.026442307692307692
0 0.7271634615384616 0.9387019230769231 0.08173076923076923 0.08173076923076923
0 0.6442307692307693 0.9194711538461539 0.06850961538461539 0.06850961538461539
0 0.5661057692307693 0.734375 0.021634615384615384 0.021634615384615384
0 0.9591346153846154 0.71875 0.037259615384615384 0.037259615384615384
0 0.9819711538461539 0.8629807692307693 0.03125 0.03125
0 0.9507211538461539 0.8413461538461539 0.03485576923076923 0.03485576923076923
0 0.6165865384615384 0.8677884615384616 0.020432692307692308 0.020432692307692308
0 0.9302884615384616 0.5637019230769231 0.04447115384615385 0.04447115384615385
0 0.46274038461538464 0.9338942307692307 0.020432692307692308 0.020432692307692308
0 0.43990384615384615 0.9206730769230769 0.021634615384615384 0.021634615384615384
0 0.4098557692307692 0.9326923076923077 0.025240384615384616 0.025240384615384616
0 0.31490384615384615 0.9338942307692307 0.016826923076923076 0.016826923076923076