0 0.8413461538461539 0.018028846153846152 0.021634615384615384 0.021634615384615384
0 0.6430288461538461 0.051682692307692304 0.025240384615384616 0.025240384615384616
0 0.9495192307692307 0.11538461538461539 0.04447115384615385 0.04447115384615385
0 0.9086538461538461 0.12379807692307693 0.016826923076923076 0.016826923076923076
0 0.9867788461538461 0.34375 0.021634615384615384 0.021634615384615384
0 0.9387019230769231 0.3870192307692308 0.025240384615384616 0.025240384615384616
0 0.96875 0.5612980769230769 0.021634615384615384 0.021634615384615384
0 0.9567307692307693 0.609375 0.016826923076923076 0.016826923076923076
0 0.9567307692307693 0.7644230769230769 0.03365384615384615 0.03365384615384615
0 0.8798076923076923 0.7608173076923077 0.025240384615384616 0.025240384615384616
0 0.8293269230769231 0.18870192307692307 0.025240384615384616 0.025240384615384616
0 0.7752403846153846 0.15504807692307693 0.016826923076923076 0.016826923076923076
0 0.7235576923076923 0.12139423076923077 0.05048076923076923 0.05048076923076923
0 0.6911057692307693 0.09615384615384616 0.021634615384615384 0.021634615384615384
0 0.7512019230769231 0.34134615384615385 0.020432692307692308 0.020432692307692308
0 0.6322115384615384 0.2980769230769231 0.020432692307692308 0.020432692307692308
0 0.5336538461538461 0.15144230769230768 0.021634615384615384 0.021634615384615384
0 0.4579326923076923 0.1658653846153846 0.021634615384615384 0.021634615384615384
0 0.4423076923076923 0.1814903846153846 0.016826923076923076 0.016826923076923076
0 0.38221153846153844 0.13221153846153846 0.03125 0.03125
0 0.3918269230769231 0.18389423076923078 0.021634615384615384 0.021634615384615384
0 0.3545673076923077 0.2127403846153846 0.018028846153846152 0.018028846153846152
0 0.4206730769230769 0.15384615384615385 0.018028846153846152 0.018028846153846152
0 0.49399038461538464 0.24879807692307693 0.06129807692307692 0.06129807692307692
0 0.4362980769230769 0.31971153846153844 0.030048076923076924 0.030048076923076924
0 0.6911057692307693 0.22716346153846154 0.018028846153846152 0.018028846153846152
0 0.6814903846153846 0.21514423076923078 0.016826923076923076 0.016826923076923076
0 0.40384615384615385 0.36778846153846156 0.039663461538461536 0.039663461538461536
0 0.2824519230769231 0.3942307692307692 0.02283653846153846 0.02283653846153846
0 0.2091346153846154 0.41346153846153844 0.02283653846153846 0.02283653846153846
0 0.27283653846153844 0.3629807692307692 0.018028846153846152 0.018028846153846152
0 0.29447115384615385 0.4483173076923077 0.020432692307692308 0.020432692307692308
0 0.07451923076923077 0.3629807692307692 0.020432692307692308 0.020432692307692308
0 0.22115384615384615 0.5192307692307693 0.13341346153846154 0.13341346153846154
0 0.0673076923076923 0.5384615384615384 0.026442307692307692 0.026442307692307692
0 0.23557692307692307 0.22115384615384615 0.03125 0.03125
0 0.36778846153846156 0.5817307692307693 0.025240384615384616 0.025240384615384616
0 0.3786057692307692 0.5685096153846154 0.02283653846153846 0.02283653846153846
0 0.3870192307692308 0.5552884615384616 0.016826923076923076 0.016826923076923076
0 0.5600961538461539 0.5528846153846154 0.021634615384615384 0.021634615384615384
0 0.5264423076923077 0.5745192307692307 0.018028846153846152 0.018028846153846152
0 0.5997596153846154 0.5769230769230769 0.037259615384615384 0.037259615384615384
0 0.5817307692307693 0.4519230769230769 0.018028846153846152 0.018028846153846152
0 0.27884615384615385 0.15865384615384615 0.030048076923076924 0.030048076923076924
0 0.25600961538461536 0.171875 0.020432692307692308 0.020432692307692308
0 0.25961538461538464 0.1346153846153846 0.020432692307692308 0.020432692307692308
0 0.28725961538461536 0.20432692307692307 0.018028846153846152 0.018028846153846152
0 0.20192307692307693 0.07572115384615384 0.03125 0.03125
0 0.22596153846153846 0.09014423076923077 0.02283653846153846 0.02283653846153846
0 0.12379807692307693 0.11177884615384616 0.04447115384615385 0.04447115384615385
0 0.06610576923076923 0.6418269230769231 0.03125 0.03125
0 0.12860576923076922 0.8221153846153846 0.039663461538461536 0.039663461538461536
0 0.1201923076923077 0.8713942307692307 0.020432692307692308 0.020432692307692308
0 0.203125 0.9302884615384616 0.026442307692307692 0.026442307692307692
0 0.3161057692307692 0.7920673076923077 0.018028846153846152 0.018028846153846152
0 0.2848557692307692 0.8377403846153846 0.021634615384615384 0.021634615384615384
0 0.24759615384615385 0.8497596153846154 0.021634615384615384 0.021634615384615384
0 0.21634615384615385 0.6826923076923077 0.19831730769230768 0.19831730769230768
0 0.36899038461538464 0.6730769230769231 0.02283653846153846 0.02283653846153846
0 0.5721153846153846 0.7403846153846154 0.046875 0.046875
0 0.3473557692307692 0.7860576923076923 0.02283653846153846 0.02283653846153846
0 0.36899038461538464 0.8137019230769231 0.016826923076923076 0.016826923076923076
0 0.3401442307692308 0.8052884615384616 0.018028846153846152 0.018028846153846152
0 0.32091346153846156 0.8762019230769231 0.03125 0.03125
0 0.33413461538461536 0.7379807692307693 0.020432692307692308 0.020432692307692308
0 0.3786057692307692 0.6935096153846154 0.04326923076923077 0.04326923076923077
0 0.328125 0.7115384615384616 0.020432692307692308 0.020432692307692308
0 0.546875 0.8365384615384616 0.018028846153846152 0.018028846153846152
0 0.6394230769230769 0.7704326923076923 0.020432692307692308 0.020432692307692308
0 0.6370192307692307 0.7463942307692307 0.021634615384615384 0.021634615384615384
0 0.6310096153846154 0.6947115384615384 0.018028846153846152 0.018028846153846152
0 0.6286057692307693 0.8137019230769231 0.09375 0.09375
0 0.6490384615384616 0.8713942307692307 0.025240384615384616 0.025240384615384616
0 0.6394230769230769 0.8930288461538461 0.016826923076923076 0.016826923076923076
0 0.59375 0.6887019230769231 0.2920673076923077 0.2920673076923077
0 0.6225961538461539 0.9110576923076923 0.021634615384615384 0.021634615384615384
0 0.5829326923076923 0.9110576923076923 0.026442307692307692 0.026442307692307692
0 0.25961538461538464 0.9278846153846154 0.018028846153846152 0.018028846153846152
0 0.27283653846153844 0.8088942307692307 0.055288461538461536 0.055288461538461536
0 0.5396634615384616 0.8665865384615384 0.02283653846153846 0.02283653846153846
0 0.609375 0.6394230769230769 0.026442307692307692 0.026442307692307692
0 0.5841346153846154 0.6237980769230769 0.04326923076923077 0.04326923076923077
0 0.6730769230769231 0.6682692307692307 0.020432692307692308 0.020432692307692308
0 0.6947115384615384 0.6346153846153846 0.018028846153846152 0.018028846153846152
0 0.6971153846153846 0.6490384615384616 0.018028846153846152 0.018028846153846152
0 0.7175480769230769 0.6346153846153846 0.021634615384615384 0.021634615384615384
0 0.40865384615384615 0.5396634615384616 0.026442307692307692 0.026442307692307692
0 0.7475961538461539 0.5396634615384616 0.020432692307692308 0.020432692307692308
0 0.7536057692307693 0.5036057692307693 0.021634615384615384 0.021634615384615384
0 0.7704326923076923 0.5216346153846154 0.025240384615384616 0.025240384615384616
0 0.6454326923076923 0.3954326923076923 0.018028846153846152 0.018028846153846152
0 0.7944711538461539 0.5396634615384616 0.018028846153846152 0.018028846153846152
0 0.8377403846153846 0.5420673076923077 0.03125 0.03125
0 0.7668269230769231 0.5745192307692307 0.021634615384615384 0.021634615384615384
0 0.7740384615384616 0.6069711538461539 0.020432692307692308 0.020432692307692308
0 0.7512019230769231 0.6298076923076923 0.02283653846153846 0.02283653846153846
0 0.8545673076923077 0.5192307692307693 0.04807692307692308 0.04807692307692308
0 0.8197115384615384 0.7884615384615384 0.018028846153846152 0.018028846153846152
0 0.8653846153846154 0.8846153846153846 0.016826923076923076 0.016826923076923076
0 0.8028846153846154 0.9086538461538461 0.020432692307692308 0.020432692307692308
0 0.9447115384615384 0.9206730769230769 0.020432692307692308 0.020432692307692308
0 0.7764423076923077 0.9495192307692307 0.04447115384615385 0.04447115384615385
0 0.7139423076923077 0.9711538461538461 0.028846153846153848 0.028846153846153848
0 0.8894230769230769 0.9639423076923077 0.038461538461538464 0.038461538461538464
0 0.46274038461538464 0.9519230769230769 0.03365384615384615 0.03365384615384615
0 0.29447115384615385 0.9783653846153846 0.03125 0.03125