0 0.43990384615384615 0.25600961538461536 0.27163461538461536 0.27163461538461536
0 0.31971153846153844 0.4326923076923077 0.1466346153846154 0.1466346153846154
0 0.9579326923076923 0.1778846153846154 0.06850961538461539 0.06850961538461539
0 0.9459134615384616 0.21394230769230768 0.051682692307692304 0.051682692307692304
0 0.8762019230769231 0.21754807692307693 0.08052884615384616 0.08052884615384616
0 0.9795673076923077 0.27163461538461536 0.039663461538461536 0.039663461538461536
0 0.9495192307692307 0.34375 0.018028846153846152 0.018028846153846152
0 0.9350961538461539 0.41225961538461536 0.016826923076923076 0.016826923076923076
0 0.9002403846153846 0.4723557692307692 0.018028846153846152 0.018028846153846152
0 0.9026442307692307 0.5144230769230769 0.03365384615384615 0.03365384615384615
0 0.9579326923076923 0.5120192307692307 0.020432692307692308 0.020432692307692308
0 0.7019230769230769 0.31490384615384615 0.03125 0.03125
0 0.65625 0.27884615384615385 0.0733173076923077 0.0733173076923077
0 0.6298076923076923 0.30528846153846156 0.021634615384615384 0.021634615384615384
0 0.7271634615384616 0.34975961538461536 0.021634615384615384 0.021634615384615384
0 0.7584134615384616 0.2091346153846154 0.020432692307692308 0.020432692307692308
0 0.9098557692307693 0.028846153846153848 0.02283653846153846 0.02283653846153846
0 0.7980769230769231 0.13341346153846154 0.06971153846153846 0.06971153846153846
0 0.7956730769230769 0.08774038461538461 0.046875 0.046875
0 0.7788461538461539 0.20673076923076922 0.018028846153846152 0.018028846153846152
0 0.7175480769230769 0.22355769230769232 0.016826923076923076 0.016826923076923076
0 0.7127403846153846 0.25240384615384615 0.03485576923076923 0.03485576923076923
0 0.5048076923076923 0.2644230769230769 0.03365384615384615 0.03365384615384615
0 0.48197115384615385 0.24639423076923078 0.016826923076923076 0.016826923076923076
0 0.39302884615384615 0.2704326923076923 0.018028846153846152 0.018028846153846152
0 0.5252403846153846 0.3125 0.028846153846153848 0.028846153846153848
0 0.5853365384615384 0.34975961538461536 0.021634615384615384 0.021634615384615384
0 0.5853365384615384 0.32211538461538464 0.02283653846153846 0.02283653846153846
0 0.6706730769230769 0.3762019230769231 0.08774038461538461 0.08774038461538461
0 0.6298076923076923 0.3389423076923077 0.018028846153846152 0.018028846153846152
0 0.6995192307692307 0.44350961538461536 0.06850961538461539 0.06850961538461539
0 0.7271634615384616 0.5036057692307693 0.08173076923076923 0.08173076923076923
0 0.7475961538461539 0.5841346153846154 0.09495192307692307 0.09495192307692307
0 0.9447115384615384 0.5925480769230769 0.025240384615384616 0.025240384615384616
0 0.5805288461538461 0.4855769230769231 0.020432692307692308 0.020432692307692308
0 0.5012019230769231 0.5396634615384616 0.04326923076923077 0.04326923076923077
0 0.47475961538461536 0.5216346153846154 0.02283653846153846 0.02283653846153846
0 0.49038461538461536 0.4855769230769231 0.026442307692307692 0.026442307692307692
0 0.6189903846153846 0.4987980769230769 0.021634615384615384 0.021634615384615384
0 0.6418269230769231 0.5180288461538461 0.028846153846153848 0.028846153846153848
0 0.6706730769230769 0.49038461538461536 0.020432692307692308 0.020432692307692308
0 0.4519230769230769 0.4050480769230769 0.02283653846153846 0.02283653846153846
0 0.39302884615384615 0.49158653846153844 0.018028846153846152 0.018028846153846152
0 0.34375 0.4543269230769231 0.03125 0.03125
0 0.4338942307692308 0.546875 0.04326923076923077 0.04326923076923077
0 0.35697115384615385 0.5901442307692307 0.026442307692307692 0.026442307692307692
0 0.35697115384615385 0.6153846153846154 0.026442307692307692 0.026442307692307692
0 0.4026442307692308 0.6021634615384616 0.016826923076923076 0.016826923076923076
0 0.5288461538461539 0.5685096153846154 0.021634615384615384 0.021634615384615384
0 0.5588942307692307 0.5721153846153846 0.02283653846153846 0.02283653846153846
0 0.5793269230769231 0.5925480769230769 0.02283653846153846 0.02283653846153846
0 0.6370192307692307 0.21394230769230768 0.09014423076923077 0.09014423076923077
0 0.30288461538461536 0.020432692307692308 0.020432692307692308 0.020432692307692308
0 0.2704326923076923 0.05889423076923077 0.06129807692307692 0.06129807692307692
0 0.31971153846153844 0.09975961538461539 0.08052884615384616 0.08052884615384616
0 0.2403846153846154 0.22355769230769232 0.025240384615384616 0.025240384615384616
0 0.25721153846153844 0.24278846153846154 0.025240384615384616 0.025240384615384616
0 0.24639423076923078 0.2644230769230769 0.021634615384615384 0.021634615384615384
0 0.23557692307692307 0.3112980769230769 0.026442307692307692 0.026442307692307692
0 0.2247596153846154 0.18028846153846154 0.1201923076923077 0.1201923076923077
0 0.20793269230769232 0.23798076923076922 0.030048076923076924 0.030048076923076924
0 0.30288461538461536 0.18509615384615385 0.018028846153846152 0.018028846153846152
0 0.38341346153846156 0.09375 0.056490384615384616 0.056490384615384616
0 0.4807692307692308 0.038461538461538464 0.018028846153846152 0.018028846153846152
0 0.5721153846153846 0.014423076923076924 0.021634615384615384 0.021634615384615384
0 0.03485576923076923 0.2620192307692308 0.03125 0.03125
0 0.12620192307692307 0.3786057692307692 0.028846153846153848 0.028846153846153848
0 0.11778846153846154 0.39663461538461536 0.026442307692307692 0.026442307692307692
0 0.11538461538461539 0.4182692307692308 0.021634615384615384 0.021634615384615384
0 0.14903846153846154 0.39783653846153844 0.02283653846153846 0.02283653846153846
0 0.26802884615384615 0.3125 0.0829326923076923 0.0829326923076923
0 0.3473557692307692 0.33774038461538464 0.018028846153846152 0.018028846153846152
0 0.39903846153846156 0.36778846153846156 0.030048076923076924 0.030048076923076924
0 0.03365384615384615 0.3870192307692308 0.039663461538461536 0.039663461538461536
0 0.1502403846153846 0.37259615384615385 0.171875 0.171875
0 0.21634615384615385 0.4206730769230769 0.020432692307692308 0.020432692307692308
0 0.17908653846153846 0.41225961538461536 0.018028846153846152 0.018028846153846152
0 0.19591346153846154 0.45072115384615385 0.016826923076923076 0.016826923076923076
0 0.13822115384615385 0.43509615384615385 0.026442307692307692 0.026442307692307692
0 0.2776442307692308 0.5216346153846154 0.02283653846153846 0.02283653846153846
0 0.22115384615384615 0.5336538461538461 0.018028846153846152 0.018028846153846152
0 0.2403846153846154 0.5084134615384616 0.016826923076923076 0.016826923076923076
0 0.2536057692307692 0.5288461538461539 0.020432692307692308 0.020432692307692308
0 0.1141826923076923 0.5625 0.025240384615384616 0.025240384615384616
0 0.07451923076923077 0.5492788461538461 0.030048076923076924 0.030048076923076924
0 0.0829326923076923 0.5697115384615384 0.021634615384615384 0.021634615384615384
0 0.057692307692307696 0.23798076923076922 0.025240384615384616 0.025240384615384616
0 0.020432692307692308 0.6117788461538461 0.037259615384615384 0.037259615384615384
0 0.05048076923076923 0.6502403846153846 0.037259615384615384 0.037259615384615384
0 0.07932692307692307 0.6766826923076923 0.03125 0.03125
0 0.042067307692307696 0.8557692307692307 0.018028846153846152 0.018028846153846152
0 0.20552884615384615 0.6995192307692307 0.055288461538461536 0.055288461538461536
0 0.12860576923076922 0.6646634615384616 0.11177884615384616 0.11177884615384616
0 0.19591346153846154 0.8581730769230769 0.026442307692307692 0.026442307692307692
0 0.5204326923076923 0.7524038461538461 0.31971153846153844 0.31971153846153844
0 0.703125 0.8004807692307693 0.02283653846153846 0.02283653846153846
0 0.6574519230769231 0.8713942307692307 0.016826923076923076 0.016826923076923076
0 0.5913461538461539 0.7680288461538461 0.02283653846153846 0.02283653846153846
0 0.49759615384615385 0.7908653846153846 0.02283653846153846 0.02283653846153846
0 0.39783653846153844 0.84375 0.021634615384615384 0.021634615384615384
0 0.38100961538461536 0.7151442307692307 0.02283653846153846 0.02283653846153846
0 0.29086538461538464 0.6153846153846154 0.15504807692307693 0.15504807692307693
0 0.3737980769230769 0.6586538461538461 0.028846153846153848 0.028846153846153848
0 0.1622596153846154 0.5396634615384616 0.028846153846153848 0.028846153846153848
0 0.6778846153846154 0.84375 0.025240384615384616 0.025240384615384616
0 0.5564903846153846 0.8209134615384616 0.021634615384615384 0.021634615384615384
0 0.4855769230769231 0.8413461538461539 0.02283653846153846 0.02283653846153846
0 0.6790865384615384 0.6394230769230769 0.030048076923076924 0.030048076923076924
0 0.8245192307692307 0.3894230769230769 0.03365384615384615 0.03365384615384615
0 0.8677884615384616 0.7644230769230769 0.04447115384615385 0.04447115384615385
0 0.7668269230769231 0.6911057692307693 0.04807692307692308 0.04807692307692308
0 0.7836538461538461 0.7151442307692307 0.016826923076923076 0.016826923076923076
0 0.9050480769230769 0.7247596153846154 0.02283653846153846 0.02283653846153846
0 0.9242788461538461 0.6754807692307693 0.037259615384615384 0.037259615384615384
0 0.8822115384615384 0.6021634615384616 0.125 0.125
0 0.6165865384615384 0.5384615384615384 0.018028846153846152 0.018028846153846152
0 0.8677884615384616 0.9170673076923077 0.08052884615384616 0.08052884615384616
0 0.9579326923076923 0.9471153846153846 0.037259615384615384 0.037259615384615384