0 0.40024038461538464 0.036057692307692304 0.025240384615384616 0.025240384615384616
0 0.4338942307692308 0.015625 0.016826923076923076 0.016826923076923076
0 0.3112980769230769 0.04567307692307692 0.046875 0.046875
0 0.23557692307692307 0.021634615384615384 0.025240384615384616 0.025240384615384616
0 0.18028846153846154 0.0625 0.028846153846153848 0.028846153846153848
0 0.5661057692307693 0.015625 0.018028846153846152 0.018028846153846152
0 0.5673076923076923 0.03365384615384615 0.016826923076923076 0.016826923076923076
0 0.6550480769230769 0.02283653846153846 0.037259615384615384 0.037259615384615384
0 0.9795673076923077 0.1201923076923077 0.021634615384615384 0.021634615384615384
0 0.8521634615384616 0.08533653846153846 0.051682692307692304 0.051682692307692304
0 0.8353365384615384 0.1778846153846154 0.03365384615384615 0.03365384615384615
0 0.8401442307692307 0.21634615384615385 0.055288461538461536 0.055288461538461536
0 0.7451923076923077 0.18028846153846154 0.03365384615384615 0.03365384615384615
0 0.7403846153846154 0.22235576923076922 0.04447115384615385 0.04447115384615385
0 0.7728365384615384 0.21875 0.018028846153846152 0.018028846153846152
0 0.8413461538461539 0.2980769230769231 0.02283653846153846 0.02283653846153846
0 0.8221153846153846 0.265625 0.016826923076923076 0.016826923076923076
0 0.7728365384615384 0.3269230769230769 0.04326923076923077 0.04326923076923077
0 0.6634615384615384 0.3737980769230769 0.051682692307692304 0.051682692307692304
0 0.6466346153846154 0.33052884615384615 0.018028846153846152 0.018028846153846152
0 0.8521634615384616 0.39903846153846156 0.020432692307692308 0.020432692307692308
0 0.8353365384615384 0.41586538461538464 0.025240384615384616 0.025240384615384616
0 0.8978365384615384 0.46274038461538464 0.030048076923076924 0.030048076923076924
0 0.9230769230769231 0.5072115384615384 0.021634615384615384 0.021634615384615384
0 0.8545673076923077 0.49278846153846156 0.018028846153846152 0.018028846153846152
0 0.9050480769230769 0.5360576923076923 0.030048076923076924 0.030048076923076924
0 0.6646634615384616 0.47115384615384615 0.030048076923076924 0.030048076923076924
0 0.6057692307692307 0.49278846153846156 0.037259615384615384 0.037259615384615384
0 0.5793269230769231 0.4795673076923077 0.025240384615384616 0.025240384615384616
0 0.5637019230769231 0.4639423076923077 0.028846153846153848 0.028846153846153848
0 0.6742788461538461 0.5192307692307693 0.078125 0.078125
0 0.5637019230769231 0.53125 0.028846153846153848 0.028846153846153848
0 0.5889423076923077 0.5288461538461539 0.02283653846153846 0.02283653846153846
0 0.5973557692307693 0.5721153846153846 0.025240384615384616 0.025240384615384616
0 0.7295673076923077 0.5372596153846154 0.018028846153846152 0.018028846153846152
0 0.8209134615384616 0.5853365384615384 0.030048076923076924 0.030048076923076924
0 0.7151442307692307 0.04567307692307692 0.021634615384615384 0.021634615384615384
0 0.7391826923076923 0.06850961538461539 0.025240384615384616 0.025240384615384616
0 0.7427884615384616 0.10216346153846154 0.025240384615384616 0.025240384615384616
0 0.7788461538461539 0.11778846153846154 0.016826923076923076 0.016826923076923076
0 0.7007211538461539 0.05889423076923077 0.026442307692307692 0.026442307692307692
0 0.6971153846153846 0.037259615384615384 0.02283653846153846 0.02283653846153846
0 0.65625 0.19951923076923078 0.020432692307692308 0.020432692307692308
0 0.6153846153846154 0.19110576923076922 0.025240384615384616 0.025240384615384616
0 0.5384615384615384 0.12980769230769232 0.028846153846153848 0.028846153846153848
0 0.49038461538461536 0.13221153846153846 0.028846153846153848 0.028846153846153848
0 0.5745192307692307 0.09735576923076923 0.020432692307692308 0.020432692307692308
0 0.4519230769230769 0.09375 0.056490384615384616 0.056490384615384616
0 0.4423076923076923 0.15625 0.042067307692307696 0.042067307692307696
0 0.3918269230769231 0.15384615384615385 0.026442307692307692 0.026442307692307692
0 0.34375 0.14182692307692307 0.030048076923076924 0.030048076923076924
0 0.33052884615384615 0.16105769230769232 0.028846153846153848 0.028846153846153848
0 0.31971153846153844 0.09615384615384616 0.028846153846153848 0.028846153846153848
0 0.48197115384615385 0.2536057692307692 0.06370192307692307 0.06370192307692307
0 0.44711538461538464 0.2127403846153846 0.021634615384615384 0.021634615384615384
0 0.3798076923076923 0.1971153846153846 0.021634615384615384 0.021634615384615384
0 0.5576923076923077 0.30528846153846156 0.04326923076923077 0.04326923076923077
0 0.40625 0.32211538461538464 0.03125 0.03125
0 0.46033653846153844 0.3713942307692308 0.04326923076923077 0.04326923076923077
0 0.4699519230769231 0.3269230769230769 0.09375 0.09375
0 0.43990384615384615 0.28725961538461536 0.030048076923076924 0.030048076923076924
0 0.5324519230769231 0.23557692307692307 0.016826923076923076 0.016826923076923076
0 0.34975961538461536 0.36538461538461536 0.046875 0.046875
0 0.31971153846153844 0.2860576923076923 0.030048076923076924 0.030048076923076924
0 0.3605769230769231 0.2668269230769231 0.03485576923076923 0.03485576923076923
0 0.36899038461538464 0.23197115384615385 0.020432692307692308 0.020432692307692308
0 0.3389423076923077 0.2247596153846154 0.037259615384615384 0.037259615384615384
0 0.3088942307692308 0.21995192307692307 0.03365384615384615 0.03365384615384615
0 0.2403846153846154 0.34134615384615385 0.026442307692307692 0.026442307692307692
0 0.24158653846153846 0.3016826923076923 0.03125 0.03125
0 0.1971153846153846 0.29447115384615385 0.021634615384615384 0.021634615384615384
0 0.09375 0.2980769230769231 0.05889423076923077 0.05889423076923077
0 0.09615384615384616 0.2932692307692308 0.021634615384615384 0.021634615384615384
0 0.1622596153846154 0.21875 0.06971153846153846 0.06971153846153846
0 0.49759615384615385 0.43990384615384615 0.018028846153846152 0.018028846153846152
0 0.2127403846153846 0.32211538461538464 0.08052884615384616 0.08052884615384616
0 0.09014423076923077 0.4266826923076923 0.078125 0.078125
0 0.1622596153846154 0.44711538461538464 0.03485576923076923 0.03485576923076923
0 0.08173076923076923 0.3641826923076923 0.09495192307692307 0.09495192307692307
0 0.20432692307692307 0.17067307692307693 0.05048076923076923 0.05048076923076923
0 0.23557692307692307 0.07572115384615384 0.026442307692307692 0.026442307692307692
0 0.1658653846153846 0.1201923076923077 0.026442307692307692 0.026442307692307692
0 0.2439903846153846 0.19591346153846154 0.039663461538461536 0.039663461538461536
0 0.2608173076923077 0.16466346153846154 0.056490384615384616 0.056490384615384616
0 0.20552884615384615 0.24519230769230768 0.07451923076923077 0.07451923076923077
0 0.08533653846153846 0.16706730769230768 0.13701923076923078 0.13701923076923078
0 0.03485576923076923 0.2608173076923077 0.055288461538461536 0.055288461538461536
0 0.07692307692307693 0.5637019230769231 0.037259615384615384 0.037259615384615384
0 0.12860576923076922 0.6213942307692307 0.06490384615384616 0.06490384615384616
0 0.10216346153846154 0.6610576923076923 0.03125 0.03125
0 0.09254807692307693 0.5192307692307693 0.10817307692307693 0.10817307692307693
0 0.22355769230769232 0.4879807692307692 0.021634615384615384 0.021634615384615384
0 0.22115384615384615 0.5300480769230769 0.06490384615384616 0.06490384615384616
0 0.29447115384615385 0.5336538461538461 0.06850961538461539 0.06850961538461539
0 0.3425480769230769 0.5396634615384616 0.06971153846153846 0.06971153846153846
0 0.3485576923076923 0.4855769230769231 0.04326923076923077 0.04326923076923077
0 0.22115384615384615 0.4338942307692308 0.018028846153846152 0.018028846153846152
0 0.171875 0.41225961538461536 0.04447115384615385 0.04447115384615385
0 0.27524038461538464 0.7055288461538461 0.03365384615384615 0.03365384615384615
0 0.20192307692307693 0.7067307692307693 0.037259615384615384 0.037259615384615384
0 0.3329326923076923 0.5889423076923077 0.042067307692307696 0.042067307692307696
0 0.20552884615384615 0.8028846153846154 0.018028846153846152 0.018028846153846152
0 0.13701923076923078 0.8341346153846154 0.039663461538461536 0.039663461538461536
0 0.09254807692307693 0.8076923076923077 0.03125 0.03125
0 0.29447115384615385 0.7644230769230769 0.051682692307692304 0.051682692307692304
0 0.3629807692307692 0.7596153846153846 0.09375 0.09375
0 0.43509615384615385 0.7103365384615384 0.09495192307692307 0.09495192307692307
0 0.27524038461538464 0.8173076923076923 0.11057692307692307 0.11057692307692307
0 0.16466346153846154 0.8677884615384616 0.09375 0.09375
0 0.18990384615384615 0.8137019230769231 0.018028846153846152 0.018028846153846152
0 0.10216346153846154 0.8737980769230769 0.02283653846153846 0.02283653846153846
0 0.11538461538461539 0.9651442307692307 0.018028846153846152 0.018028846153846152
0 0.38461538461538464 0.8617788461538461 0.020432692307692308 0.020432692307692308
0 0.13341346153846154 0.7548076923076923 0.11658653846153846 0.11658653846153846
0 0.23076923076923078 0.8701923076923077 0.04447115384615385 0.04447115384615385
0 0.21995192307692307 0.6081730769230769 0.04326923076923077 0.04326923076923077
0 0.3870192307692308 0.6670673076923077 0.021634615384615384 0.021634615384615384
0 0.35216346153846156 0.6213942307692307 0.06370192307692307 0.06370192307692307
0 0.40625 0.5661057692307693 0.026442307692307692 0.026442307692307692
0 0.32572115384615385 0.43028846153846156 0.016826923076923076 0.016826923076923076
0 0.4170673076923077 0.38221153846153844 0.03365384615384615 0.03365384615384615
0 0.5084134615384616 0.38461538461538464 0.037259615384615384 0.037259615384615384
0 0.4699519230769231 0.40625 0.03485576923076923 0.03485576923076923
0 0.41466346153846156 0.4963942307692308 0.020432692307692308 0.020432692307692308
0 0.4879807692307692 0.5372596153846154 0.03125 0.03125
0 0.49038461538461536 0.5745192307692307 0.021634615384615384 0.021634615384615384
0 0.5204326923076923 0.5997596153846154 0.037259615384615384 0.037259615384615384
0 0.5216346153846154 0.6322115384615384 0.025240384615384616 0.025240384615384616
0 0.4987980769230769 0.6826923076923077 0.052884615384615384 0.052884615384615384
0 0.5324519230769231 0.6682692307692307 0.03485576923076923 0.03485576923076923
0 0.5504807692307693 0.6346153846153846 0.039663461538461536 0.039663461538461536
0 0.6165865384615384 0.65625 0.04326923076923077 0.04326923076923077
0 0.5420673076923077 0.8197115384615384 0.020432692307692308 0.020432692307692308
0 0.5408653846153846 0.8088942307692307 0.0829326923076923 0.0829326923076923
0 0.4579326923076923 0.8557692307692307 0.08052884615384616 0.08052884615384616
0 0.65625 0.7379807692307693 0.055288461538461536 0.055288461538461536
0 0.6814903846153846 0.6887019230769231 0.04447115384615385 0.04447115384615385
0 0.6766826923076923 0.6262019230769231 0.08052884615384616 0.08052884615384616
0 0.7427884615384616 0.6021634615384616 0.018028846153846152 0.018028846153846152
0 0.7524038461538461 0.6322115384615384 0.04326923076923077 0.04326923076923077
0 0.7788461538461539 0.6033653846153846 0.042067307692307696 0.042067307692307696
0 0.8317307692307693 0.6370192307692307 0.028846153846153848 0.028846153846153848
0 0.7980769230769231 0.6550480769230769 0.039663461538461536 0.039663461538461536
0 0.7572115384615384 0.6887019230769231 0.042067307692307696 0.042067307692307696
0 0.8425480769230769 0.7427884615384616 0.039663461538461536 0.039663461538461536
0 0.8882211538461539 0.6274038461538461 0.06009615384615385 0.06009615384615385
0 0.9375 0.5829326923076923 0.028846153846153848 0.028846153846153848
0 0.9663461538461539 0.6105769230769231 0.055288461538461536 0.055288461538461536
0 0.9447115384615384 0.6862980769230769 0.021634615384615384 0.021634615384615384
0 0.8834134615384616 0.7283653846153846 0.038461538461538464 0.038461538461538464
0 0.8834134615384616 0.7920673076923077 0.056490384615384616 0.056490384615384616
0 0.8377403846153846 0.7872596153846154 0.03485576923076923 0.03485576923076923
0 0.8052884615384616 0.9134615384615384 0.052884615384615384 0.052884615384615384
0 0.7992788461538461 0.9471153846153846 0.051682692307692304 0.051682692307692304
0 0.8461538461538461 0.9519230769230769 0.025240384615384616 0.025240384615384616
0 0.8545673076923077 0.9026442307692307 0.028846153846153848 0.028846153846153848
0 0.7704326923076923 0.8521634615384616 0.016826923076923076 0.016826923076923076
0 0.5997596153846154 0.9002403846153846 0.06370192307692307 0.06370192307692307
0 0.5180288461538461 0.8846153846153846 0.020432692307692308 0.020432692307692308
0 0.4855769230769231 0.90625 0.020432692307692308 0.020432692307692308
0 0.5372596153846154 0.8617788461538461 0.042067307692307696 0.042067307692307696
0 0.5733173076923077 0.7211538461538461 0.04447115384615385 0.04447115384615385
0 0.6081730769230769 0.6694711538461539 0.09615384615384616 0.09615384615384616
0 0.6081730769230769 0.6057692307692307 0.05048076923076923 0.05048076923076923
0 0.8329326923076923 0.8461538461538461 0.07692307692307693 0.07692307692307693
0 0.7379807692307693 0.9086538461538461 0.1045673076923077 0.1045673076923077
0 0.5769230769230769 0.953125 0.028846153846153848 0.028846153846153848
0 0.6899038461538461 0.4639423076923077 0.03485576923076923 0.03485576923076923
0 0.6550480769230769 0.42788461538461536 0.021634615384615384 0.021634615384615384
0 0.9423076923076923 0.734375 0.018028846153846152 0.018028846153846152
0 0.9122596153846154 0.7536057692307693 0.02283653846153846 0.02283653846153846
0 0.5072115384615384 0.171875 0.04326923076923077 0.04326923076923077
0 0.03365384615384615 0.5985576923076923 0.04326923076923077 0.04326923076923077
0 0.4206730769230769 0.23197115384615385 0.06971153846153846 0.06971153846153846