0 0.875 0.06129807692307692 0.016826923076923076 0.016826923076923076
0 0.9362980769230769 0.014423076923076924 0.021634615384615384 0.021634615384615384
0 0.9194711538461539 0.037259615384615384 0.021634615384615384 0.021634615384615384
0 0.9663461538461539 0.27884615384615385 0.018028846153846152 0.018028846153846152
0 0.7223557692307693 0.12740384615384615 0.025240384615384616 0.025240384615384616
0 0.9206730769230769 0.1466346153846154 0.020432692307692308 0.020432692307692308
0 0.7019230769230769 0.33533653846153844 0.06370192307692307 0.06370192307692307
0 0.6129807692307693 0.34975961538461536 0.052884615384615384 0.052884615384615384
0 0.6237980769230769 0.38822115384615385 0.025240384615384616 0.025240384615384616
0 0.9170673076923077 0.38822115384615385 0.06009615384615385 0.06009615384615385
0 0.9122596153846154 0.33774038461538464 0.04326923076923077 0.04326923076923077
0 0.8653846153846154 0.3269230769230769 0.025240384615384616 0.025240384615384616
0 0.765625 0.49278846153846156 0.021634615384615384 0.021634615384615384
0 0.84375 0.40384615384615385 0.06850961538461539 0.06850961538461539
0 0.7704326923076923 0.35697115384615385 0.030048076923076924 0.030048076923076924
0 0.9002403846153846 0.43149038461538464 0.020432692307692308 0.020432692307692308
0 0.8485576923076923 0.47475961538461536 0.030048076923076924 0.030048076923076924
0 0.7439903846153846 0.5360576923076923 0.19951923076923078 0.19951923076923078
0 0.640625 0.6370192307692307 0.018028846153846152 0.018028846153846152
0 0.4579326923076923 0.2091346153846154 0.026442307692307692 0.026442307692307692
0 0.14543269230769232 0.3245192307692308 0.02283653846153846 0.02283653846153846
0 0.7391826923076923 0.15745192307692307 0.0733173076923077 0.0733173076923077
0 0.765625 0.21875 0.026442307692307692 0.026442307692307692
0 0.34615384615384615 0.5528846153846154 0.11177884615384616 0.11177884615384616
0 0.3485576923076923 0.4879807692307692 0.051682692307692304 0.051682692307692304
0 0.2980769230769231 0.44591346153846156 0.08533653846153846 0.08533653846153846
0 0.5637019230769231 0.40384615384615385 0.06610576923076923 0.06610576923076923
0 0.5733173076923077 0.3713942307692308 0.030048076923076924 0.030048076923076924
0 0.5252403846153846 0.38221153846153844 0.021634615384615384 0.021634615384615384
0 0.8052884615384616 0.14783653846153846 0.02283653846153846 0.02283653846153846
0 0.8269230769230769 0.17548076923076922 0.018028846153846152 0.018028846153846152
0 0.06129807692307692 0.8918269230769231 0.020432692307692308 0.020432692307692308
0 0.49038461538461536 0.5528846153846154 0.2620192307692308 0.2620192307692308
0 0.3112980769230769 0.7800480769230769 0.030048076923076924 0.030048076923076924
0 0.26802884615384615 0.7295673076923077 0.021634615384615384 0.021634615384615384
0 0.1658653846153846 0.7836538461538461 0.02283653846153846 0.02283653846153846
0 0.09975961538461539 0.8317307692307693 0.15865384615384615 0.15865384615384615
0 0.07451923076923077 0.9471153846153846 0.026442307692307692 0.026442307692307692
0 0.21033653846153846 0.7355769230769231 0.026442307692307692 0.026442307692307692
0 0.19471153846153846 0.8978365384615384 0.021634615384615384 0.021634615384615384
0 0.18269230769230768 0.8485576923076923 0.025240384615384616 0.025240384615384616
0 0.3329326923076923 0.5408653846153846 0.018028846153846152 0.018028846153846152
0 0.7163461538461539 0.8617788461538461 0.021634615384615384 0.021634615384615384
0 0.7115384615384616 0.8786057692307693 0.020432692307692308 0.020432692307692308
0 0.8161057692307693 0.8485576923076923 0.030048076923076924 0.030048076923076924
0 0.8665865384615384 0.7788461538461539 0.02283653846153846 0.02283653846153846
0 0.90625 0.7644230769230769 0.028846153846153848 0.028846153846153848
0 0.9375 0.8209134615384616 0.021634615384615384 0.021634615384615384
0 0.8461538461538461 0.8894230769230769 0.018028846153846152 0.018028846153846152
0 0.8617788461538461 0.9122596153846154 0.03125 0.03125
0 0.7391826923076923 0.9723557692307693 0.02283653846153846 0.02283653846153846
0 0.8990384615384616 0.9819711538461539 0.025240384615384616 0.025240384615384616
0 0.09735576923076923 0.9543269230769231 0.018028846153846152 0.018028846153846152
0 0.3713942307692308 0.9399038461538461 0.051682692307692304 0.051682692307692304
0 0.5240384615384616 0.7644230769230769 0.02283653846153846 0.02283653846153846
0 0.6129807692307693 0.6959134615384616 0.016826923076923076 0.016826923076923076
0 0.6838942307692307 0.6887019230769231 0.018028846153846152 0.018028846153846152
0 0.40384615384615385 0.6370192307692307 0.028846153846153848 0.028846153846153848
0 0.8942307692307693 0.7259615384615384 0.021634615384615384 0.021634615384615384
0 0.8581730769230769 0.6838942307692307 0.028846153846153848 0.028846153846153848
0 0.9747596153846154 0.8870192307692307 0.020432692307692308 0.020432692307692308
0 0.9579326923076923 0.7740384615384616 0.018028846153846152 0.018028846153846152
0 0.9459134615384616 0.7427884615384616 0.021634615384615384 0.021634615384615384
0 0.9435096153846154 0.7163461538461539 0.03125 0.03125
0 0.9819711538461539 0.7536057692307693 0.030048076923076924 0.030048076923076924
0 0.9855769230769231 0.921875 0.018028846153846152 0.018028846153846152
0 0.4050480769230769 0.48197115384615385 0.039663461538461536 0.039663461538461536