0 0.90625 0.14903846153846154 0.04326923076923077 0.04326923076923077
0 0.8425480769230769 0.18990384615384615 0.03485576923076923 0.03485576923076923
0 0.7584134615384616 0.1622596153846154 0.046875 0.046875
0 0.7331730769230769 0.18629807692307693 0.028846153846153848 0.028846153846153848
0 0.765625 0.23076923076923078 0.020432692307692308 0.020432692307692308
0 0.7403846153846154 0.2247596153846154 0.021634615384615384 0.021634615384615384
0 0.6947115384615384 0.1875 0.021634615384615384 0.021634615384615384
0 0.6887019230769231 0.14543269230769232 0.05048076923076923 0.05048076923076923
0 0.7199519230769231 0.06370192307692307 0.06490384615384616 0.06490384615384616
0 0.7944711538461539 0.12259615384615384 0.020432692307692308 0.020432692307692308
0 0.8221153846153846 0.09735576923076923 0.025240384615384616 0.025240384615384616
0 0.8918269230769231 0.06971153846153846 0.026442307692307692 0.026442307692307692
0 0.8413461538461539 0.11177884615384616 0.07692307692307693 0.07692307692307693
0 0.7415865384615384 0.29086538461538464 0.07451923076923077 0.07451923076923077
0 0.8798076923076923 0.31971153846153844 0.03125 0.03125
0 0.9495192307692307 0.3137019230769231 0.016826923076923076 0.016826923076923076
0 0.9411057692307693 0.3329326923076923 0.020432692307692308 0.020432692307692308
0 0.9639423076923077 0.35096153846153844 0.039663461538461536 0.039663461538461536
0 0.8617788461538461 0.3425480769230769 0.039663461538461536 0.039663461538461536
0 0.8365384615384616 0.3713942307692308 0.02283653846153846 0.02283653846153846
0 0.8978365384615384 0.36538461538461536 0.020432692307692308 0.020432692307692308
0 0.8629807692307693 0.43028846153846156 0.03125 0.03125
0 0.8161057692307693 0.42788461538461536 0.026442307692307692 0.026442307692307692
0 0.7283653846153846 0.40024038461538464 0.02283653846153846 0.02283653846153846
0 0.6730769230769231 0.4014423076923077 0.03485576923076923 0.03485576923076923
0 0.7536057692307693 0.4519230769230769 0.04807692307692308 0.04807692307692308
0 0.6622596153846154 0.43990384615384615 0.04326923076923077 0.04326923076923077
0 0.9471153846153846 0.43509615384615385 0.039663461538461536 0.039663461538461536
0 0.90625 0.4879807692307692 0.02283653846153846 0.02283653846153846
0 0.8713942307692307 0.4723557692307692 0.04447115384615385 0.04447115384615385
0 0.9146634615384616 0.40865384615384615 0.030048076923076924 0.030048076923076924
0 0.9002403846153846 0.4483173076923077 0.021634615384615384 0.021634615384615384
0 0.6706730769230769 0.2848557692307692 0.04807692307692308 0.04807692307692308
0 0.6358173076923077 0.19110576923076922 0.04326923076923077 0.04326923076923077
0 0.6454326923076923 0.1346153846153846 0.028846153846153848 0.028846153846153848
0 0.5144230769230769 0.08533653846153846 0.02283653846153846 0.02283653846153846
0 0.4495192307692308 0.09615384615384616 0.039663461538461536 0.039663461538461536
0 0.4362980769230769 0.025240384615384616 0.04807692307692308 0.04807692307692308
0 0.5961538461538461 0.17548076923076922 0.03485576923076923 0.03485576923076923
0 0.5925480769230769 0.20432692307692307 0.018028846153846152 0.018028846153846152
0 0.6021634615384616 0.25 0.020432692307692308 0.020432692307692308
0 0.6262019230769231 0.19831730769230768 0.10817307692307693 0.10817307692307693
0 0.5168269230769231 0.19110576923076922 0.07692307692307693 0.07692307692307693
0 0.49278846153846156 0.09615384615384616 0.13341346153846154 0.13341346153846154
0 0.43028846153846156 0.1875 0.11538461538461539 0.11538461538461539
0 0.3918269230769231 0.06610576923076923 0.06490384615384616 0.06490384615384616
0 0.3161057692307692 0.171875 0.03125 0.03125
0 0.27524038461538464 0.07211538461538461 0.025240384615384616 0.025240384615384616
0 0.2403846153846154 0.1045673076923077 0.039663461538461536 0.039663461538461536
0 0.1814903846153846 0.12259615384615384 0.03365384615384615 0.03365384615384615
0 0.3629807692307692 0.24879807692307693 0.03485576923076923 0.03485576923076923
0 0.24879807692307693 0.1778846153846154 0.03125 0.03125
0 0.5072115384615384 0.28365384615384615 0.018028846153846152 0.018028846153846152
0 0.5853365384615384 0.30649038461538464 0.020432692307692308 0.020432692307692308
0 0.49278846153846156 0.31971153846153844 0.025240384615384616 0.025240384615384616
0 0.28365384615384615 0.296875 0.055288461538461536 0.055288461538461536
0 0.25721153846153844 0.24639423076923078 0.025240384615384616 0.025240384615384616
0 0.20552884615384615 0.24639423076923078 0.028846153846153848 0.028846153846153848
0 0.22115384615384615 0.26802884615384615 0.026442307692307692 0.026442307692307692
0 0.22235576923076922 0.2980769230769231 0.02283653846153846 0.02283653846153846
0 0.16947115384615385 0.2980769230769231 0.026442307692307692 0.026442307692307692
0 0.19951923076923078 0.3161057692307692 0.03125 0.03125
0 0.15745192307692307 0.25961538461538464 0.025240384615384616 0.025240384615384616
0 0.32572115384615385 0.34615384615384615 0.026442307692307692 0.026442307692307692
0 0.39783653846153844 0.27884615384615385 0.018028846153846152 0.018028846153846152
0 0.34375 0.078125 0.03125 0.03125
0 0.109375 0.24639423076923078 0.03125 0.03125
0 0.1310096153846154 0.3425480769230769 0.021634615384615384 0.021634615384615384
0 0.0889423076923077 0.3269230769230769 0.02283653846153846 0.02283653846153846
0 0.027644230769230768 0.33052884615384615 0.02283653846153846 0.02283653846153846
0 0.026442307692307692 0.2620192307692308 0.05048076923076923 0.05048076923076923
0 0.12379807692307693 0.18629807692307693 0.04326923076923077 0.04326923076923077
0 0.14302884615384615 0.15504807692307693 0.030048076923076924 0.030048076923076924
0 0.20552884615384615 0.171875 0.025240384615384616 0.025240384615384616
0 0.018028846153846152 0.7896634615384616 0.020432692307692308 0.020432692307692308
0 0.025240384615384616 0.6887019230769231 0.020432692307692308 0.020432692307692308
0 0.13581730769230768 0.8701923076923077 0.055288461538461536 0.055288461538461536
0 0.16105769230769232 0.8185096153846154 0.039663461538461536 0.039663461538461536
0 0.2247596153846154 0.7860576923076923 0.04326923076923077 0.04326923076923077
0 0.22956730769230768 0.7463942307692307 0.051682692307692304 0.051682692307692304
0 0.16826923076923078 0.7331730769230769 0.06009615384615385 0.06009615384615385
0 0.08533653846153846 0.7211538461538461 0.042067307692307696 0.042067307692307696
0 0.11778846153846154 0.7608173076923077 0.039663461538461536 0.039663461538461536
0 0.2920673076923077 0.7319711538461539 0.05048076923076923 0.05048076923076923
0 0.25721153846153844 0.71875 0.016826923076923076 0.016826923076923076
0 0.21514423076923078 0.6778846153846154 0.018028846153846152 0.018028846153846152
0 0.13942307692307693 0.5925480769230769 0.021634615384615384 0.021634615384615384
0 0.10817307692307693 0.5913461538461539 0.026442307692307692 0.026442307692307692
0 0.13581730769230768 0.5384615384615384 0.06129807692307692 0.06129807692307692
0 0.06850961538461539 0.4735576923076923 0.021634615384615384 0.021634615384615384
0 0.10817307692307693 0.4519230769230769 0.02283653846153846 0.02283653846153846
0 0.026442307692307692 0.39663461538461536 0.021634615384615384 0.021634615384615384
0 0.17548076923076922 0.44350961538461536 0.046875 0.046875
0 0.0829326923076923 0.4639423076923077 0.10697115384615384 0.10697115384615384
0 0.09975961538461539 0.3737980769230769 0.020432692307692308 0.020432692307692308
0 0.13942307692307693 0.38341346153846156 0.016826923076923076 0.016826923076923076
0 0.3076923076923077 0.41225961538461536 0.07211538461538461 0.07211538461538461
0 0.4050480769230769 0.40865384615384615 0.056490384615384616 0.056490384615384616
0 0.44711538461538464 0.41947115384615385 0.030048076923076924 0.030048076923076924
0 0.44350961538461536 0.38221153846153844 0.030048076923076924 0.030048076923076924
0 0.46153846153846156 0.3425480769230769 0.046875 0.046875
0 0.47475961538461536 0.39903846153846156 0.025240384615384616 0.025240384615384616
0 0.25961538461538464 0.6213942307692307 0.03365384615384615 0.03365384615384615
0 0.19471153846153846 0.6622596153846154 0.021634615384615384 0.021634615384615384
0 0.29927884615384615 0.6742788461538461 0.06490384615384616 0.06490384615384616
0 0.421875 0.7079326923076923 0.07211538461538461 0.07211538461538461
0 0.4375 0.6394230769230769 0.025240384615384616 0.025240384615384616
0 0.4110576923076923 0.7692307692307693 0.06971153846153846 0.06971153846153846
0 0.36778846153846156 0.7596153846153846 0.0733173076923077 0.0733173076923077
0 0.3245192307692308 0.8112980769230769 0.03125 0.03125
0 0.30528846153846156 0.8365384615384616 0.03485576923076923 0.03485576923076923
0 0.21875 0.8305288461538461 0.03485576923076923 0.03485576923076923
0 0.35216346153846156 0.8882211538461539 0.056490384615384616 0.056490384615384616
0 0.17548076923076922 0.9495192307692307 0.025240384615384616 0.025240384615384616
0 0.1201923076923077 0.9819711538461539 0.021634615384615384 0.021634615384615384
0 0.44471153846153844 0.8653846153846154 0.021634615384615384 0.021634615384615384
0 0.46274038461538464 0.8040865384615384 0.025240384615384616 0.025240384615384616
0 0.5 0.6538461538461539 0.018028846153846152 0.018028846153846152
0 0.22115384615384615 0.46153846153846156 0.04447115384615385 0.04447115384615385
0 0.5252403846153846 0.7367788461538461 0.016826923076923076 0.016826923076923076
0 0.6298076923076923 0.6995192307692307 0.030048076923076924 0.030048076923076924
0 0.6057692307692307 0.7163461538461539 0.02283653846153846 0.02283653846153846
0 0.6586538461538461 0.6189903846153846 0.018028846153846152 0.018028846153846152
0 0.6262019230769231 0.44711538461538464 0.020432692307692308 0.020432692307692308
0 0.6262019230769231 0.47596153846153844 0.018028846153846152 0.018028846153846152
0 0.6490384615384616 0.5396634615384616 0.1466346153846154 0.1466346153846154
0 0.7512019230769231 0.65625 0.03485576923076923 0.03485576923076923
0 0.71875 0.7319711538461539 0.02283653846153846 0.02283653846153846
0 0.6598557692307693 0.7824519230769231 0.037259615384615384 0.037259615384615384
0 0.6177884615384616 0.84375 0.028846153846153848 0.028846153846153848
0 0.7199519230769231 0.8245192307692307 0.0829326923076923 0.0829326923076923
0 0.8016826923076923 0.7223557692307693 0.03125 0.03125
0 0.7872596153846154 0.7367788461538461 0.055288461538461536 0.055288461538461536
0 0.8413461538461539 0.7716346153846154 0.1045673076923077 0.1045673076923077
0 0.8557692307692307 0.6550480769230769 0.03365384615384615 0.03365384615384615
0 0.8858173076923077 0.6947115384615384 0.042067307692307696 0.042067307692307696
0 0.9278846153846154 0.5612980769230769 0.046875 0.046875
0 0.8713942307692307 0.5480769230769231 0.020432692307692308 0.020432692307692308
0 0.5240384615384616 0.5516826923076923 0.016826923076923076 0.016826923076923076
0 0.7271634615384616 0.6322115384615384 0.06850961538461539 0.06850961538461539
0 0.8485576923076923 0.859375 0.15625 0.15625
0 0.6213942307692307 0.8858173076923077 0.06971153846153846 0.06971153846153846
0 0.59375 0.9086538461538461 0.020432692307692308 0.020432692307692308
0 0.5853365384615384 0.9603365384615384 0.06850961538461539 0.06850961538461539
0 0.8653846153846154 0.9579326923076923 0.02283653846153846 0.02283653846153846
0 0.9591346153846154 0.5096153846153846 0.030048076923076924 0.030048076923076924
0 0.9699519230769231 0.46274038461538464 0.02283653846153846 0.02283653846153846
0 0.25600961538461536 0.9807692307692307 0.020432692307692308 0.020432692307692308
0 0.26802884615384615 0.9603365384615384 0.018028846153846152 0.018028846153846152