0 0.2403846153846154 0.2247596153846154 0.18870192307692307 0.18870192307692307
0 0.7800480769230769 0.1201923076923077 0.07692307692307693 0.07692307692307693
0 0.7079326923076923 0.23798076923076922 0.020432692307692308 0.020432692307692308
0 0.5769230769230769 0.2247596153846154 0.038461538461538464 0.038461538461538464
0 0.49278846153846156 0.08533653846153846 0.021634615384615384 0.021634615384615384
0 0.42427884615384615 0.12620192307692307 0.038461538461538464 0.038461538461538464
0 0.4519230769230769 0.052884615384615384 0.026442307692307692 0.026442307692307692
0 0.43990384615384615 0.07451923076923077 0.021634615384615384 0.021634615384615384
0 0.40384615384615385 0.06610576923076923 0.02283653846153846 0.02283653846153846
0 0.40024038461538464 0.05048076923076923 0.06490384615384616 0.06490384615384616
0 0.47716346153846156 0.2800480769230769 0.14302884615384615 0.14302884615384615
0 0.6141826923076923 0.3858173076923077 0.021634615384615384 0.021634615384615384
0 0.21033653846153846 0.11778846153846154 0.020432692307692308 0.020432692307692308
0 0.11177884615384616 0.18269230769230768 0.021634615384615384 0.021634615384615384
0 0.3233173076923077 0.35216346153846156 0.026442307692307692 0.026442307692307692
0 0.17908653846153846 0.39663461538461536 0.038461538461538464 0.038461538461538464
0 0.2127403846153846 0.42788461538461536 0.020432692307692308 0.020432692307692308
0 0.14543269230769232 0.3713942307692308 0.02283653846153846 0.02283653846153846
0 0.11538461538461539 0.38461538461538464 0.02283653846153846 0.02283653846153846
0 0.020432692307692308 0.4170673076923077 0.021634615384615384 0.021634615384615384
0 0.051682692307692304 0.13221153846153846 0.08533653846153846 0.08533653846153846
0 0.4411057692307692 0.41346153846153844 0.018028846153846152 0.018028846153846152
0 0.5180288461538461 0.5060096153846154 0.08173076923076923 0.08173076923076923
0 0.07451923076923077 0.47475961538461536 0.026442307692307692 0.026442307692307692
0 0.3137019230769231 0.515625 0.025240384615384616 0.025240384615384616
0 0.12379807692307693 0.6394230769230769 0.03125 0.03125
0 0.01201923076923077 0.7487980769230769 0.020432692307692308 0.020432692307692308
0 0.057692307692307696 0.7536057692307693 0.020432692307692308 0.020432692307692308
0 0.10216346153846154 0.9194711538461539 0.04447115384615385 0.04447115384615385
0 0.171875 0.8100961538461539 0.021634615384615384 0.021634615384615384
0 0.23677884615384615 0.7668269230769231 0.018028846153846152 0.018028846153846152
0 0.27163461538461536 0.6935096153846154 0.021634615384615384 0.021634615384615384
0 0.4170673076923077 0.8461538461538461 0.020432692307692308 0.020432692307692308
0 0.5120192307692307 0.8161057692307693 0.06610576923076923 0.06610576923076923
0 0.29086538461538464 0.9314903846153846 0.021634615384615384 0.021634615384615384
0 0.1935096153846154 0.6790865384615384 0.020432692307692308 0.020432692307692308
0 0.19951923076923078 0.6646634615384616 0.020432692307692308 0.020432692307692308
0 0.44711538461538464 0.5096153846153846 0.026442307692307692 0.026442307692307692
0 0.34375 0.9230769230769231 0.03485576923076923 0.03485576923076923
0 0.24278846153846154 0.8401442307692307 0.021634615384615384 0.021634615384615384
0 0.4543269230769231 0.7403846153846154 0.03125 0.03125
0 0.6418269230769231 0.6129807692307693 0.020432692307692308 0.020432692307692308
0 0.5853365384615384 0.7295673076923077 0.02283653846153846 0.02283653846153846
0 0.03125 0.06490384615384616 0.016826923076923076 0.016826923076923076