0 0.8545673076923077 0.09014423076923077 0.030048076923076924 0.030048076923076924
0 0.7067307692307693 0.09134615384615384 0.018028846153846152 0.018028846153846152
0 0.9615384615384616 0.2644230769230769 0.026442307692307692 0.026442307692307692
0 0.8004807692307693 0.33052884615384615 0.039663461538461536 0.039663461538461536
0 0.7223557692307693 0.4338942307692308 0.026442307692307692 0.026442307692307692
0 0.8052884615384616 0.46274038461538464 0.02283653846153846 0.02283653846153846
0 0.6105769230769231 0.46153846153846156 0.018028846153846152 0.018028846153846152
0 0.6286057692307693 0.34615384615384615 0.05889423076923077 0.05889423076923077
0 0.7007211538461539 0.3629807692307692 0.06009615384615385 0.06009615384615385
0 0.6814903846153846 0.3605769230769231 0.028846153846153848 0.028846153846153848
0 0.5144230769230769 0.35336538461538464 0.03365384615384615 0.03365384615384615
0 0.5420673076923077 0.46634615384615385 0.020432692307692308 0.020432692307692308
0 0.9086538461538461 0.40625 0.037259615384615384 0.037259615384615384
0 0.4495192307692308 0.01201923076923077 0.018028846153846152 0.018028846153846152
0 0.43509615384615385 0.04807692307692308 0.026442307692307692 0.026442307692307692
0 0.35697115384615385 0.055288461538461536 0.037259615384615384 0.037259615384615384
0 0.2512019230769231 0.07451923076923077 0.018028846153846152 0.018028846153846152
0 0.375 0.2920673076923077 0.020432692307692308 0.020432692307692308
0 0.6237980769230769 0.13701923076923078 0.030048076923076924 0.030048076923076924
0 0.24639423076923078 0.11177884615384616 0.171875 0.171875
0 0.04567307692307692 0.9086538461538461 0.028846153846153848 0.028846153846153848
0 0.05048076923076923 0.8810096153846154 0.02283653846153846 0.02283653846153846
0 0.10096153846153846 0.4855769230769231 0.025240384615384616 0.025240384615384616
0 0.07451923076923077 0.49158653846153844 0.021634615384615384 0.021634615384615384
0 0.10697115384615384 0.65625 0.018028846153846152 0.018028846153846152
0 0.27524038461538464 0.7175480769230769 0.021634615384615384 0.021634615384615384
0 0.171875 0.7055288461538461 0.021634615384615384 0.021634615384615384
0 0.3713942307692308 0.8257211538461539 0.030048076923076924 0.030048076923076924
0 0.35216346153846156 0.8557692307692307 0.021634615384615384 0.021634615384615384
0 0.19471153846153846 0.546875 0.020432692307692308 0.020432692307692308
0 0.13701923076923078 0.5348557692307693 0.018028846153846152 0.018028846153846152
0 0.3317307692307692 0.5805288461538461 0.030048076923076924 0.030048076923076924
0 0.6730769230769231 0.8894230769230769 0.020432692307692308 0.020432692307692308
0 0.7163461538461539 0.8545673076923077 0.020432692307692308 0.020432692307692308
0 0.9519230769230769 0.9471153846153846 0.026442307692307692 0.026442307692307692
0 0.9266826923076923 0.9831730769230769 0.03125 0.03125
0 0.8545673076923077 0.7091346153846154 0.018028846153846152 0.018028846153846152
0 0.6225961538461539 0.6033653846153846 0.028846153846153848 0.028846153846153848
0 0.9362980769230769 0.5384615384615384 0.06370192307692307 0.06370192307692307
0 0.8052884615384616 0.5540865384615384 0.07211538461538461 0.07211538461538461
0 0.7752403846153846 0.5769230769230769 0.020432692307692308 0.020432692307692308
0 0.7920673076923077 0.6646634615384616 0.026442307692307692 0.026442307692307692
0 0.5048076923076923 0.7055288461538461 0.039663461538461536 0.039663461538461536
0 0.5528846153846154 0.7283653846153846 0.018028846153846152 0.018028846153846152
0 0.8293269230769231 0.6778846153846154 0.026442307692307692 0.026442307692307692
0 0.8125 0.6899038461538461 0.021634615384615384 0.021634615384615384
0 0.6911057692307693 0.6646634615384616 0.020432692307692308 0.020432692307692308
0 0.6838942307692307 0.7043269230769231 0.025240384615384616 0.025240384615384616