0 0.9302884615384616 0.19591346153846154 0.016826923076923076 0.016826923076923076
0 0.9110576923076923 0.18389423076923078 0.020432692307692308 0.020432692307692308
0 0.8317307692307693 0.36778846153846156 0.021634615384615384 0.021634615384615384
0 0.78125 0.3401442307692308 0.055288461538461536 0.055288461538461536
0 0.7548076923076923 0.2932692307692308 0.016826923076923076 0.016826923076923076
0 0.6838942307692307 0.18509615384615385 0.046875 0.046875
0 0.7752403846153846 0.18389423076923078 0.1045673076923077 0.1045673076923077
0 0.41225961538461536 0.0829326923076923 0.02283653846153846 0.02283653846153846
0 0.48197115384615385 0.08774038461538461 0.021634615384615384 0.021634615384615384
0 0.5336538461538461 0.2439903846153846 0.03365384615384615 0.03365384615384615
0 0.5769230769230769 0.20552884615384615 0.016826923076923076 0.016826923076923076
0 0.5913461538461539 0.22355769230769232 0.016826923076923076 0.016826923076923076
0 0.5877403846153846 0.2620192307692308 0.018028846153846152 0.018028846153846152
0 0.6730769230769231 0.109375 0.020432692307692308 0.020432692307692308
0 0.6754807692307693 0.2776442307692308 0.016826923076923076 0.016826923076923076
0 0.6706730769230769 0.25240384615384615 0.021634615384615384 0.021634615384615384
0 0.5180288461538461 0.3473557692307692 0.05889423076923077 0.05889423076923077
0 0.4362980769230769 0.40024038461538464 0.039663461538461536 0.039663461538461536
0 0.45072115384615385 0.38221153846153844 0.020432692307692308 0.020432692307692308
0 0.2776442307692308 0.42788461538461536 0.016826923076923076 0.016826923076923076
0 0.27163461538461536 0.4098557692307692 0.039663461538461536 0.039663461538461536
0 0.14543269230769232 0.2644230769230769 0.018028846153846152 0.018028846153846152
0 0.15985576923076922 0.24278846153846154 0.026442307692307692 0.026442307692307692
0 0.038461538461538464 0.36538461538461536 0.03125 0.03125
0 0.03365384615384615 0.390625 0.025240384615384616 0.025240384615384616
0 0.13221153846153846 0.44350961538461536 0.026442307692307692 0.026442307692307692
0 0.1045673076923077 0.7019230769230769 0.030048076923076924 0.030048076923076924
0 0.08653846153846154 0.71875 0.018028846153846152 0.018028846153846152
0 0.052884615384615384 0.6802884615384616 0.018028846153846152 0.018028846153846152
0 0.06009615384615385 0.7860576923076923 0.021634615384615384 0.021634615384615384
0 0.17307692307692307 0.9002403846153846 0.052884615384615384 0.052884615384615384
0 0.5997596153846154 0.7764423076923077 0.02283653846153846 0.02283653846153846
0 0.5985576923076923 0.8185096153846154 0.03485576923076923 0.03485576923076923
0 0.5649038461538461 0.8185096153846154 0.02283653846153846 0.02283653846153846
0 0.49158653846153844 0.8762019230769231 0.020432692307692308 0.020432692307692308
0 0.41586538461538464 0.4795673076923077 0.018028846153846152 0.018028846153846152
0 0.7764423076923077 0.6586538461538461 0.037259615384615384 0.037259615384615384
0 0.7668269230769231 0.6838942307692307 0.016826923076923076 0.016826923076923076
0 0.7752403846153846 0.4723557692307692 0.018028846153846152 0.018028846153846152
0 0.7463942307692307 0.7295673076923077 0.06971153846153846 0.06971153846153846
0 0.78125 0.8713942307692307 0.037259615384615384 0.037259615384615384
0 0.5072115384615384 0.7980769230769231 0.039663461538461536 0.039663461538461536
0 0.6947115384615384 0.8762019230769231 0.026442307692307692 0.026442307692307692
0 0.8569711538461539 0.9771634615384616 0.021634615384615384 0.021634615384615384
0 0.9302884615384616 0.7319711538461539 0.03365384615384615 0.03365384615384615
0 0.9615384615384616 0.765625 0.025240384615384616 0.025240384615384616
0 0.8978365384615384 0.14543269230769232 0.02283653846153846 0.02283653846153846