0 0.42427884615384615 0.08533653846153846 0.04807692307692308 0.04807692307692308
0 0.20793269230769232 0.07451923076923077 0.025240384615384616 0.025240384615384616
0 0.13942307692307693 0.04807692307692308 0.030048076923076924 0.030048076923076924
0 0.9278846153846154 0.09134615384615384 0.02283653846153846 0.02283653846153846
0 0.7872596153846154 0.07211538461538461 0.03125 0.03125
0 0.7151442307692307 0.13221153846153846 0.020432692307692308 0.020432692307692308
0 0.7247596153846154 0.3173076923076923 0.021634615384615384 0.021634615384615384
0 0.8846153846153846 0.4338942307692308 0.016826923076923076 0.016826923076923076
0 0.6730769230769231 0.22115384615384615 0.021634615384615384 0.021634615384615384
0 0.6899038461538461 0.18269230769230768 0.02283653846153846 0.02283653846153846
0 0.6742788461538461 0.17067307692307693 0.021634615384615384 0.021634615384615384
0 0.6550480769230769 0.23557692307692307 0.09975961538461539 0.09975961538461539
0 0.5480769230769231 0.38221153846153844 0.026442307692307692 0.026442307692307692
0 0.40024038461538464 0.43028846153846156 0.026442307692307692 0.026442307692307692
0 0.31971153846153844 0.28725961538461536 0.018028846153846152 0.018028846153846152
0 0.27524038461538464 0.36658653846153844 0.04447115384615385 0.04447115384615385
0 0.2704326923076923 0.22115384615384615 0.03365384615384615 0.03365384615384615
0 0.22355769230769232 0.20192307692307693 0.037259615384615384 0.037259615384615384
0 0.25240384615384615 0.4387019230769231 0.02283653846153846 0.02283653846153846
0 0.640625 0.46274038461538464 0.04807692307692308 0.04807692307692308
0 0.8040865384615384 0.47115384615384615 0.018028846153846152 0.018028846153846152
0 0.32091346153846156 0.5012019230769231 0.028846153846153848 0.028846153846153848
0 0.6009615384615384 0.21033653846153846 0.052884615384615384 0.052884615384615384
0 0.6225961538461539 0.17307692307692307 0.037259615384615384 0.037259615384615384
0 0.08413461538461539 0.2091346153846154 0.025240384615384616 0.025240384615384616
0 0.14783653846153846 0.20072115384615385 0.039663461538461536 0.039663461538461536
0 0.013221153846153846 0.40384615384615385 0.016826923076923076 0.016826923076923076
0 0.036057692307692304 0.18509615384615385 0.02283653846153846 0.02283653846153846
0 0.11057692307692307 0.078125 0.030048076923076924 0.030048076923076924
0 0.028846153846153848 0.7908653846153846 0.037259615384615384 0.037259615384615384
0 0.06971153846153846 0.8413461538461539 0.026442307692307692 0.026442307692307692
0 0.057692307692307696 0.8197115384615384 0.018028846153846152 0.018028846153846152
0 0.052884615384615384 0.8028846153846154 0.016826923076923076 0.016826923076923076
0 0.07211538461538461 0.7367788461538461 0.028846153846153848 0.028846153846153848
0 0.0829326923076923 0.7896634615384616 0.021634615384615384 0.021634615384615384
0 0.1310096153846154 0.8413461538461539 0.04326923076923077 0.04326923076923077
0 0.19471153846153846 0.9519230769230769 0.018028846153846152 0.018028846153846152
0 0.11298076923076923 0.8810096153846154 0.030048076923076924 0.030048076923076924
0 0.24278846153846154 0.8918269230769231 0.04326923076923077 0.04326923076923077
0 0.19110576923076922 0.6237980769230769 0.03125 0.03125
0 0.12860576923076922 0.6754807692307693 0.10817307692307693 0.10817307692307693
0 0.4891826923076923 0.6646634615384616 0.042067307692307696 0.042067307692307696
0 0.5120192307692307 0.7980769230769231 0.02283653846153846 0.02283653846153846
0 0.4362980769230769 0.9122596153846154 0.02283653846153846 0.02283653846153846
0 0.5769230769230769 0.8161057692307693 0.030048076923076924 0.030048076923076924
0 0.5612980769230769 0.8040865384615384 0.025240384615384616 0.025240384615384616
0 0.3713942307692308 0.8461538461538461 0.021634615384615384 0.021634615384615384
0 0.40865384615384615 0.9290865384615384 0.14182692307692307 0.14182692307692307
0 0.3317307692307692 0.5721153846153846 0.021634615384615384 0.021634615384615384
0 0.3858173076923077 0.6033653846153846 0.09975961538461539 0.09975961538461539
0 0.6754807692307693 0.8461538461538461 0.039663461538461536 0.039663461538461536
0 0.8173076923076923 0.5588942307692307 0.016826923076923076 0.016826923076923076
0 0.90625 0.609375 0.025240384615384616 0.025240384615384616
0 0.8882211538461539 0.5997596153846154 0.018028846153846152 0.018028846153846152
0 0.9338942307692307 0.6237980769230769 0.04326923076923077 0.04326923076923077
0 0.9771634615384616 0.8137019230769231 0.028846153846153848 0.028846153846153848
0 0.8882211538461539 0.8185096153846154 0.028846153846153848 0.028846153846153848
0 0.8461538461538461 0.8377403846153846 0.026442307692307692 0.026442307692307692
0 0.8533653846153846 0.859375 0.021634615384615384 0.021634615384615384
0 0.7355769230769231 0.7980769230769231 0.03365384615384615 0.03365384615384615
0 0.7427884615384616 0.9170673076923077 0.03125 0.03125
0 0.8149038461538461 0.921875 0.018028846153846152 0.018028846153846152
0 0.7944711538461539 0.9411057692307693 0.016826923076923076 0.016826923076923076
0 0.7247596153846154 0.9651442307692307 0.028846153846153848 0.028846153846153848
0 0.4579326923076923 0.7560096153846154 0.038461538461538464 0.038461538461538464
0 0.8774038461538461 0.9639423076923077 0.03365384615384615 0.03365384615384615
0 0.9182692307692307 0.9519230769230769 0.030048076923076924 0.030048076923076924
0 0.9783653846153846 0.9507211538461539 0.020432692307692308 0.020432692307692308
0 0.9086538461538461 0.7163461538461539 0.0733173076923077 0.0733173076923077