0 0.2283653846153846 0.18870192307692307 0.27884615384615385 0.27884615384615385
0 0.6370192307692307 0.484375 0.21875 0.21875
0 0.953125 0.16706730769230768 0.039663461538461536 0.039663461538461536
0 0.9362980769230769 0.2127403846153846 0.037259615384615384 0.037259615384615384
0 0.9302884615384616 0.25 0.016826923076923076 0.016826923076923076
0 0.9771634615384616 0.2980769230769231 0.03125 0.03125
0 0.9567307692307693 0.37740384615384615 0.03365384615384615 0.03365384615384615
0 0.8617788461538461 0.21634615384615385 0.030048076923076924 0.030048076923076924
0 0.9110576923076923 0.06490384615384616 0.021634615384615384 0.021634615384615384
0 0.6670673076923077 0.45072115384615385 0.021634615384615384 0.021634615384615384
0 0.6850961538461539 0.16706730769230768 0.026442307692307692 0.026442307692307692
0 0.6670673076923077 0.08774038461538461 0.018028846153846152 0.018028846153846152
0 0.6274038461538461 0.10096153846153846 0.018028846153846152 0.018028846153846152
0 0.6201923076923077 0.12259615384615384 0.016826923076923076 0.016826923076923076
0 0.6466346153846154 0.019230769230769232 0.018028846153846152 0.018028846153846152
0 0.6262019230769231 0.06971153846153846 0.018028846153846152 0.018028846153846152
0 0.4963942307692308 0.11778846153846154 0.021634615384615384 0.021634615384615384
0 0.5060096153846154 0.06129807692307692 0.08774038461538461 0.08774038461538461
0 0.7127403846153846 0.27283653846153844 0.025240384615384616 0.025240384615384616
0 0.7872596153846154 0.3641826923076923 0.021634615384615384 0.021634615384615384
0 0.5961538461538461 0.26802884615384615 0.025240384615384616 0.025240384615384616
0 0.4338942307692308 0.30528846153846156 0.05889423076923077 0.05889423076923077
0 0.4254807692307692 0.2548076923076923 0.018028846153846152 0.018028846153846152
0 0.44711538461538464 0.3605769230769231 0.08774038461538461 0.08774038461538461
0 0.5252403846153846 0.33052884615384615 0.030048076923076924 0.030048076923076924
0 0.7379807692307693 0.39302884615384615 0.018028846153846152 0.018028846153846152
0 0.6466346153846154 0.38221153846153844 0.05048076923076923 0.05048076923076923
0 0.6165865384615384 0.3629807692307692 0.046875 0.046875
0 0.5048076923076923 0.27283653846153844 0.025240384615384616 0.025240384615384616
0 0.5360576923076923 0.24519230769230768 0.025240384615384616 0.025240384615384616
0 0.3112980769230769 0.3545673076923077 0.025240384615384616 0.025240384615384616
0 0.31971153846153844 0.4411057692307692 0.06490384615384616 0.06490384615384616
0 0.8858173076923077 0.4206730769230769 0.046875 0.046875
0 0.8112980769230769 0.44471153846153844 0.07692307692307693 0.07692307692307693
0 0.8353365384615384 0.31971153846153844 0.039663461538461536 0.039663461538461536
0 0.953125 0.49278846153846156 0.038461538461538464 0.038461538461538464
0 0.42788461538461536 0.5324519230769231 0.06610576923076923 0.06610576923076923
0 0.3076923076923077 0.5360576923076923 0.038461538461538464 0.038461538461538464
0 0.30528846153846156 0.49278846153846156 0.020432692307692308 0.020432692307692308
0 0.5024038461538461 0.46033653846153844 0.046875 0.046875
0 0.4519230769230769 0.25961538461538464 0.020432692307692308 0.020432692307692308
0 0.3870192307692308 0.04447115384615385 0.06009615384615385 0.06009615384615385
0 0.46274038461538464 0.009615384615384616 0.018028846153846152 0.018028846153846152
0 0.12259615384615384 0.06610576923076923 0.030048076923076924 0.030048076923076924
0 0.04807692307692308 0.06370192307692307 0.016826923076923076 0.016826923076923076
0 0.06009615384615385 0.01201923076923077 0.018028846153846152 0.018028846153846152
0 0.06129807692307692 0.1045673076923077 0.021634615384615384 0.021634615384615384
0 0.0985576923076923 0.1502403846153846 0.025240384615384616 0.025240384615384616
0 0.20192307692307693 0.25841346153846156 0.018028846153846152 0.018028846153846152
0 0.028846153846153848 0.19471153846153846 0.026442307692307692 0.026442307692307692
0 0.052884615384615384 0.9375 0.025240384615384616 0.025240384615384616
0 0.04807692307692308 0.6875 0.07451923076923077 0.07451923076923077
0 0.12860576923076922 0.7391826923076923 0.03125 0.03125
0 0.12860576923076922 0.7980769230769231 0.02283653846153846 0.02283653846153846
0 0.0829326923076923 0.8209134615384616 0.018028846153846152 0.018028846153846152
0 0.23798076923076922 0.7980769230769231 0.026442307692307692 0.026442307692307692
0 0.31971153846153844 0.8149038461538461 0.09975961538461539 0.09975961538461539
0 0.23197115384615385 0.8413461538461539 0.04807692307692308 0.04807692307692308
0 0.3173076923076923 0.9579326923076923 0.03365384615384615 0.03365384615384615
0 0.3954326923076923 0.9855769230769231 0.020432692307692308 0.020432692307692308
0 0.44471153846153844 0.8173076923076923 0.039663461538461536 0.039663461538461536
0 0.5576923076923077 0.9110576923076923 0.12139423076923077 0.12139423076923077
0 0.4879807692307692 0.9663461538461539 0.018028846153846152 0.018028846153846152
0 0.4026442307692308 0.8509615384615384 0.039663461538461536 0.039663461538461536
0 0.35096153846153844 0.7235576923076923 0.05889423076923077 0.05889423076923077
0 0.5600961538461539 0.6322115384615384 0.030048076923076924 0.030048076923076924
0 0.5829326923076923 0.6730769230769231 0.020432692307692308 0.020432692307692308
0 0.6322115384615384 0.6478365384615384 0.025240384615384616 0.025240384615384616
0 0.24158653846153846 0.5793269230769231 0.016826923076923076 0.016826923076923076
0 0.265625 0.5709134615384616 0.021634615384615384 0.021634615384615384
0 0.45913461538461536 0.6490384615384616 0.020432692307692308 0.020432692307692308
0 0.2704326923076923 0.6262019230769231 0.039663461538461536 0.039663461538461536
0 0.49278846153846156 0.8197115384615384 0.039663461538461536 0.039663461538461536
0 0.7055288461538461 0.6706730769230769 0.030048076923076924 0.030048076923076924
0 0.6682692307692307 0.6430288461538461 0.018028846153846152 0.018028846153846152
0 0.8389423076923077 0.7103365384615384 0.016826923076923076 0.016826923076923076
0 0.7980769230769231 0.7391826923076923 0.018028846153846152 0.018028846153846152
0 0.7427884615384616 0.8040865384615384 0.021634615384615384 0.021634615384615384
0 0.5492788461538461 0.7367788461538461 0.02283653846153846 0.02283653846153846
0 0.6286057692307693 0.7103365384615384 0.020432692307692308 0.020432692307692308
0 0.9783653846153846 0.6983173076923077 0.018028846153846152 0.018028846153846152
0 0.7211538461538461 0.8365384615384616 0.06971153846153846 0.06971153846153846
0 0.6778846153846154 0.78125 0.04326923076923077 0.04326923076923077
0 0.8100961538461539 0.7692307692307693 0.016826923076923076 0.016826923076923076
0 0.5096153846153846 0.6742788461538461 0.03365384615384615 0.03365384615384615
0 0.5048076923076923 0.6538461538461539 0.04447115384615385 0.04447115384615385
0 0.9302884615384616 0.8605769230769231 0.016826923076923076 0.016826923076923076
0 0.8786057692307693 0.8161057692307693 0.042067307692307696 0.042067307692307696
0 0.7127403846153846 0.5805288461538461 0.026442307692307692 0.026442307692307692
0 0.7487980769230769 0.5336538461538461 0.042067307692307696 0.042067307692307696
0 0.6682692307692307 0.5 0.028846153846153848 0.028846153846153848
0 0.6850961538461539 0.7355769230769231 0.020432692307692308 0.020432692307692308
0 0.5336538461538461 0.6021634615384616 0.03125 0.03125
0 0.9723557692307693 0.9194711538461539 0.026442307692307692 0.026442307692307692
0 0.78125 0.8425480769230769 0.018028846153846152 0.018028846153846152
0 0.6165865384615384 0.8389423076923077 0.025240384615384616 0.025240384615384616
0 0.8076923076923077 0.8137019230769231 0.020432692307692308 0.020432692307692308
0 0.20072115384615385 0.9483173076923077 0.025240384615384616 0.025240384615384616
0 0.17307692307692307 0.8221153846153846 0.016826923076923076 0.016826923076923076
0 0.13942307692307693 0.8629807692307693 0.08052884615384616 0.08052884615384616
0 0.08774038461538461 0.9038461538461539 0.016826923076923076 0.016826923076923076