0 0.796875 0.42908653846153844 0.2620192307692308 0.2620192307692308
0 0.2920673076923077 0.11658653846153846 0.030048076923076924 0.030048076923076924
0 0.2091346153846154 0.11298076923076923 0.07451923076923077 0.07451923076923077
0 0.6045673076923077 0.18509615384615385 0.030048076923076924 0.030048076923076924
0 0.6838942307692307 0.15745192307692307 0.025240384615384616 0.025240384615384616
0 0.8353365384615384 0.2620192307692308 0.018028846153846152 0.018028846153846152
0 0.7764423076923077 0.2860576923076923 0.021634615384615384 0.021634615384615384
0 0.9891826923076923 0.4699519230769231 0.018028846153846152 0.018028846153846152
0 0.9819711538461539 0.3701923076923077 0.018028846153846152 0.018028846153846152
0 0.8149038461538461 0.42427884615384615 0.021634615384615384 0.021634615384615384
0 0.9591346153846154 0.45072115384615385 0.018028846153846152 0.018028846153846152
0 0.7728365384615384 0.6514423076923077 0.13701923076923078 0.13701923076923078
0 0.9266826923076923 0.6165865384615384 0.08173076923076923 0.08173076923076923
0 0.9002403846153846 0.5649038461538461 0.020432692307692308 0.020432692307692308
0 0.6526442307692307 0.25961538461538464 0.055288461538461536 0.055288461538461536
0 0.5504807692307693 0.21033653846153846 0.018028846153846152 0.018028846153846152
0 0.46274038461538464 0.33653846153846156 0.018028846153846152 0.018028846153846152
0 0.4362980769230769 0.3401442307692308 0.039663461538461536 0.039663461538461536
0 0.49038461538461536 0.40865384615384615 0.025240384615384616 0.025240384615384616
0 0.49759615384615385 0.4387019230769231 0.03125 0.03125
0 0.5036057692307693 0.48677884615384615 0.039663461538461536 0.039663461538461536
0 0.44711538461538464 0.5192307692307693 0.018028846153846152 0.018028846153846152
0 0.5769230769230769 0.28725961538461536 0.028846153846153848 0.028846153846153848
0 0.6129807692307693 0.3112980769230769 0.018028846153846152 0.018028846153846152
0 0.1971153846153846 0.328125 0.020432692307692308 0.020432692307692308
0 0.2091346153846154 0.41225961538461536 0.02283653846153846 0.02283653846153846
0 0.22956730769230768 0.4170673076923077 0.021634615384615384 0.021634615384615384
0 0.27884615384615385 0.44711538461538464 0.03485576923076923 0.03485576923076923
0 0.18269230769230768 0.5528846153846154 0.020432692307692308 0.020432692307692308
0 0.3737980769230769 0.3762019230769231 0.046875 0.046875
0 0.2668269230769231 0.5612980769230769 0.03485576923076923 0.03485576923076923
0 0.20192307692307693 0.6177884615384616 0.025240384615384616 0.025240384615384616
0 0.22956730769230768 0.6430288461538461 0.016826923076923076 0.016826923076923076
0 0.4519230769230769 0.6069711538461539 0.020432692307692308 0.020432692307692308
0 0.41947115384615385 0.5216346153846154 0.051682692307692304 0.051682692307692304
0 0.4519230769230769 0.5576923076923077 0.039663461538461536 0.039663461538461536
0 0.49399038461538464 0.5216346153846154 0.018028846153846152 0.018028846153846152
0 0.6935096153846154 0.5961538461538461 0.0985576923076923 0.0985576923076923
0 0.4879807692307692 0.5516826923076923 0.03125 0.03125
0 0.5769230769230769 0.4254807692307692 0.018028846153846152 0.018028846153846152
0 0.5252403846153846 0.29447115384615385 0.06490384615384616 0.06490384615384616
0 0.48197115384615385 0.3473557692307692 0.018028846153846152 0.018028846153846152
0 0.1045673076923077 0.34975961538461536 0.028846153846153848 0.028846153846153848
0 0.11057692307692307 0.4254807692307692 0.026442307692307692 0.026442307692307692
0 0.0829326923076923 0.42788461538461536 0.02283653846153846 0.02283653846153846
0 0.014423076923076924 0.3786057692307692 0.018028846153846152 0.018028846153846152
0 0.02403846153846154 0.40384615384615385 0.02283653846153846 0.02283653846153846
0 0.019230769230769232 0.35336538461538464 0.026442307692307692 0.026442307692307692
0 0.055288461538461536 0.28725961538461536 0.018028846153846152 0.018028846153846152
0 0.06009615384615385 0.21033653846153846 0.021634615384615384 0.021634615384615384
0 0.09975961538461539 0.0733173076923077 0.021634615384615384 0.021634615384615384
0 0.06129807692307692 0.09254807692307693 0.03365384615384615 0.03365384615384615
0 0.4170673076923077 0.18028846153846154 0.020432692307692308 0.020432692307692308
0 0.38341346153846156 0.22355769230769232 0.046875 0.046875
0 0.06129807692307692 0.3317307692307692 0.078125 0.078125
0 0.07451923076923077 0.05889423076923077 0.03365384615384615 0.03365384615384615
0 0.04447115384615385 0.734375 0.021634615384615384 0.021634615384615384
0 0.14783653846153846 0.6550480769230769 0.018028846153846152 0.018028846153846152
0 0.19230769230769232 0.7475961538461539 0.016826923076923076 0.016826923076923076
0 0.1622596153846154 0.7295673076923077 0.02283653846153846 0.02283653846153846
0 0.1346153846153846 0.8762019230769231 0.020432692307692308 0.020432692307692308
0 0.34615384615384615 0.8762019230769231 0.020432692307692308 0.020432692307692308
0 0.3701923076923077 0.7992788461538461 0.028846153846153848 0.028846153846153848
0 0.4387019230769231 0.7992788461538461 0.026442307692307692 0.026442307692307692
0 0.5096153846153846 0.8353365384615384 0.020432692307692308 0.020432692307692308
0 0.5132211538461539 0.8846153846153846 0.02283653846153846 0.02283653846153846
0 0.46274038461538464 0.7259615384615384 0.039663461538461536 0.039663461538461536
0 0.5288461538461539 0.7860576923076923 0.04807692307692308 0.04807692307692308
0 0.5889423076923077 0.7620192307692307 0.052884615384615384 0.052884615384615384
0 0.2403846153846154 0.9807692307692307 0.030048076923076924 0.030048076923076924
0 0.43990384615384615 0.9411057692307693 0.030048076923076924 0.030048076923076924
0 0.4831730769230769 0.8040865384615384 0.038461538461538464 0.038461538461538464
0 0.41586538461538464 0.7463942307692307 0.051682692307692304 0.051682692307692304
0 0.3870192307692308 0.8413461538461539 0.06490384615384616 0.06490384615384616
0 0.4014423076923077 0.7920673076923077 0.021634615384615384 0.021634615384615384
0 0.5 0.5721153846153846 0.03365384615384615 0.03365384615384615
0 0.5552884615384616 0.9182692307692307 0.03365384615384615 0.03365384615384615
0 0.7560096153846154 0.8112980769230769 0.1346153846153846 0.1346153846153846
0 0.9819711538461539 0.7487980769230769 0.018028846153846152 0.018028846153846152
0 0.7524038461538461 0.90625 0.02283653846153846 0.02283653846153846
0 0.7163461538461539 0.9026442307692307 0.018028846153846152 0.018028846153846152
0 0.8305288461538461 0.9603365384615384 0.018028846153846152 0.018028846153846152
0 0.9519230769230769 0.20673076923076922 0.018028846153846152 0.018028846153846152