0 0.12620192307692307 0.015625 0.026442307692307692 0.026442307692307692
0 0.12860576923076922 0.08052884615384616 0.038461538461538464 0.038461538461538464
0 0.22596153846153846 0.03245192307692308 0.018028846153846152 0.018028846153846152
0 0.24879807692307693 0.06490384615384616 0.018028846153846152 0.018028846153846152
0 0.2091346153846154 0.14302884615384615 0.021634615384615384 0.021634615384615384
0 0.34615384615384615 0.15865384615384615 0.020432692307692308 0.020432692307692308
0 0.42788461538461536 0.1622596153846154 0.020432692307692308 0.020432692307692308
0 0.23076923076923078 0.2403846153846154 0.021634615384615384 0.021634615384615384
0 0.036057692307692304 0.20673076923076922 0.018028846153846152 0.018028846153846152
0 0.9194711538461539 0.10576923076923077 0.055288461538461536 0.055288461538461536
0 0.8245192307692307 0.02403846153846154 0.025240384615384616 0.025240384615384616
0 0.7932692307692307 0.08533653846153846 0.018028846153846152 0.018028846153846152
0 0.7632211538461539 0.09375 0.021634615384615384 0.021634615384615384
0 0.8677884615384616 0.0829326923076923 0.020432692307692308 0.020432692307692308
0 0.9471153846153846 0.22355769230769232 0.03485576923076923 0.03485576923076923
0 0.9603365384615384 0.40625 0.018028846153846152 0.018028846153846152
0 0.8004807692307693 0.36538461538461536 0.03365384615384615 0.03365384615384615
0 0.8173076923076923 0.3954326923076923 0.028846153846153848 0.028846153846153848
0 0.7560096153846154 0.41225961538461536 0.03125 0.03125
0 0.6754807692307693 0.3629807692307692 0.04447115384615385 0.04447115384615385
0 0.7764423076923077 0.2403846153846154 0.038461538461538464 0.038461538461538464
0 0.8088942307692307 0.20192307692307693 0.038461538461538464 0.038461538461538464
0 0.5877403846153846 0.5216346153846154 0.021634615384615384 0.021634615384615384
0 0.5552884615384616 0.5024038461538461 0.03485576923076923 0.03485576923076923
0 0.4050480769230769 0.46875 0.018028846153846152 0.018028846153846152
0 0.6045673076923077 0.46033653846153844 0.03485576923076923 0.03485576923076923
0 0.2644230769230769 0.38461538461538464 0.016826923076923076 0.016826923076923076
0 0.15384615384615385 0.36177884615384615 0.02283653846153846 0.02283653846153846
0 0.13581730769230768 0.33052884615384615 0.020432692307692308 0.020432692307692308
0 0.12139423076923077 0.36658653846153844 0.021634615384615384 0.021634615384615384
0 0.44711538461538464 0.5528846153846154 0.020432692307692308 0.020432692307692308
0 0.47475961538461536 0.5721153846153846 0.03485576923076923 0.03485576923076923
0 0.3112980769230769 0.5793269230769231 0.018028846153846152 0.018028846153846152
0 0.24519230769230768 0.5985576923076923 0.018028846153846152 0.018028846153846152
0 0.10096153846153846 0.6682692307692307 0.021634615384615384 0.021634615384615384
0 0.11298076923076923 0.6935096153846154 0.042067307692307696 0.042067307692307696
0 0.3449519230769231 0.5961538461538461 0.16346153846153846 0.16346153846153846
0 0.5721153846153846 0.6911057692307693 0.08052884615384616 0.08052884615384616
0 0.6129807692307693 0.7596153846153846 0.12379807692307693 0.12379807692307693
0 0.6105769230769231 0.7295673076923077 0.018028846153846152 0.018028846153846152
0 0.7379807692307693 0.6237980769230769 0.016826923076923076 0.016826923076923076
0 0.6189903846153846 0.5769230769230769 0.025240384615384616 0.025240384615384616
0 0.25961538461538464 0.4987980769230769 0.06370192307692307 0.06370192307692307
0 0.20192307692307693 0.4723557692307692 0.016826923076923076 0.016826923076923076
0 0.10817307692307693 0.4230769230769231 0.018028846153846152 0.018028846153846152
0 0.12620192307692307 0.5036057692307693 0.018028846153846152 0.018028846153846152
0 0.06009615384615385 0.33052884615384615 0.016826923076923076 0.016826923076923076
0 0.6454326923076923 0.1502403846153846 0.09134615384615384 0.09134615384615384
0 0.03125 0.3786057692307692 0.018028846153846152 0.018028846153846152
0 0.12259615384615384 0.9194711538461539 0.03365384615384615 0.03365384615384615
0 0.03485576923076923 0.7307692307692307 0.020432692307692308 0.020432692307692308
0 0.15384615384615385 0.7836538461538461 0.021634615384615384 0.021634615384615384
0 0.3713942307692308 0.7752403846153846 0.021634615384615384 0.021634615384615384
0 0.3641826923076923 0.8221153846153846 0.020432692307692308 0.020432692307692308
0 0.109375 0.9579326923076923 0.06490384615384616 0.06490384615384616
0 0.6262019230769231 0.9194711538461539 0.018028846153846152 0.018028846153846152
0 0.6213942307692307 0.8305288461538461 0.11658653846153846 0.11658653846153846
0 0.43028846153846156 0.8569711538461539 0.04807692307692308 0.04807692307692308
0 0.7536057692307693 0.7956730769230769 0.021634615384615384 0.021634615384615384
0 0.8221153846153846 0.8954326923076923 0.046875 0.046875
0 0.7247596153846154 0.9783653846153846 0.026442307692307692 0.026442307692307692
0 0.9194711538461539 0.6983173076923077 0.020432692307692308 0.020432692307692308
0 0.9134615384615384 0.6911057692307693 0.10216346153846154 0.10216346153846154
0 0.8016826923076923 0.9519230769230769 0.02283653846153846 0.02283653846153846
0 0.8870192307692307 0.9038461538461539 0.04447115384615385 0.04447115384615385
0 0.9699519230769231 0.859375 0.03125 0.03125
0 0.7427884615384616 0.7127403846153846 0.1346153846153846 0.1346153846153846
0 0.8377403846153846 0.6394230769230769 0.1466346153846154 0.1466346153846154
0 0.7788461538461539 0.9362980769230769 0.018028846153846152 0.018028846153846152
0 0.4807692307692308 0.33413461538461536 0.12980769230769232 0.12980769230769232
0 0.03245192307692308 0.5012019230769231 0.03125 0.03125
0 0.2608173076923077 0.5348557692307693 0.025240384615384616 0.025240384615384616