0 0.9639423076923077 0.12860576923076922 0.03125 0.03125
0 0.9627403846153846 0.14783653846153846 0.021634615384615384 0.021634615384615384
0 0.9254807692307693 0.13581730769230768 0.020432692307692308 0.020432692307692308
0 0.9387019230769231 0.171875 0.025240384615384616 0.025240384615384616
0 0.8605769230769231 0.039663461538461536 0.018028846153846152 0.018028846153846152
0 0.7872596153846154 0.13221153846153846 0.02283653846153846 0.02283653846153846
0 0.7848557692307693 0.19471153846153846 0.039663461538461536 0.039663461538461536
0 0.7403846153846154 0.25961538461538464 0.020432692307692308 0.020432692307692308
0 0.7307692307692307 0.28966346153846156 0.02283653846153846 0.02283653846153846
0 0.7524038461538461 0.2980769230769231 0.02283653846153846 0.02283653846153846
0 0.7319711538461539 0.4519230769230769 0.04326923076923077 0.04326923076923077
0 0.7572115384615384 0.5204326923076923 0.020432692307692308 0.020432692307692308
0 0.9122596153846154 0.5036057692307693 0.039663461538461536 0.039663461538461536
0 0.9254807692307693 0.3389423076923077 0.016826923076923076 0.016826923076923076
0 0.9747596153846154 0.5841346153846154 0.021634615384615384 0.021634615384615384
0 0.7391826923076923 0.65625 0.02283653846153846 0.02283653846153846
0 0.7644230769230769 0.7019230769230769 0.11057692307692307 0.11057692307692307
0 0.8197115384615384 0.7776442307692307 0.0733173076923077 0.0733173076923077
0 0.8545673076923077 0.5480769230769231 0.03485576923076923 0.03485576923076923
0 0.8653846153846154 0.5865384615384616 0.042067307692307696 0.042067307692307696
0 0.9086538461538461 0.5528846153846154 0.06129807692307692 0.06129807692307692
0 0.8870192307692307 0.41225961538461536 0.016826923076923076 0.016826923076923076
0 0.9278846153846154 0.36778846153846156 0.030048076923076924 0.030048076923076924
0 0.9507211538461539 0.46634615384615385 0.020432692307692308 0.020432692307692308
0 0.6574519230769231 0.3317307692307692 0.025240384615384616 0.025240384615384616
0 0.5817307692307693 0.23076923076923078 0.016826923076923076 0.016826923076923076
0 0.53125 0.2704326923076923 0.020432692307692308 0.020432692307692308
0 0.5240384615384616 0.30528846153846156 0.026442307692307692 0.026442307692307692
0 0.4963942307692308 0.31971153846153844 0.020432692307692308 0.020432692307692308
0 0.5120192307692307 0.35216346153846156 0.02283653846153846 0.02283653846153846
0 0.5336538461538461 0.38822115384615385 0.020432692307692308 0.020432692307692308
0 0.39783653846153844 0.09014423076923077 0.020432692307692308 0.020432692307692308
0 0.4338942307692308 0.039663461538461536 0.046875 0.046875
0 0.3918269230769231 0.028846153846153848 0.018028846153846152 0.018028846153846152
0 0.42788461538461536 0.29447115384615385 0.018028846153846152 0.018028846153846152
0 0.41346153846153844 0.2920673076923077 0.02283653846153846 0.02283653846153846
0 0.40865384615384615 0.3137019230769231 0.021634615384615384 0.021634615384615384
0 0.4266826923076923 0.38341346153846156 0.021634615384615384 0.021634615384615384
0 0.4795673076923077 0.38822115384615385 0.026442307692307692 0.026442307692307692
0 0.4483173076923077 0.4387019230769231 0.026442307692307692 0.026442307692307692
0 0.328125 0.4206730769230769 0.020432692307692308 0.020432692307692308
0 0.33533653846153844 0.3545673076923077 0.026442307692307692 0.026442307692307692
0 0.36778846153846156 0.25600961538461536 0.020432692307692308 0.020432692307692308
0 0.34375 0.2620192307692308 0.020432692307692308 0.020432692307692308
0 0.28365384615384615 0.27283653846153844 0.018028846153846152 0.018028846153846152
0 0.2704326923076923 0.49278846153846156 0.06009615384615385 0.06009615384615385
0 0.32572115384615385 0.29927884615384615 0.020432692307692308 0.020432692307692308
0 0.23798076923076922 0.46875 0.06971153846153846 0.06971153846153846
0 0.15504807692307693 0.2920673076923077 0.020432692307692308 0.020432692307692308
0 0.12379807692307693 0.34615384615384615 0.028846153846153848 0.028846153846153848
0 0.11899038461538461 0.38100961538461536 0.03125 0.03125
0 0.17548076923076922 0.43149038461538464 0.030048076923076924 0.030048076923076924
0 0.11899038461538461 0.42788461538461536 0.020432692307692308 0.020432692307692308
0 0.13581730769230768 0.45552884615384615 0.018028846153846152 0.018028846153846152
0 0.11658653846153846 0.47115384615384615 0.020432692307692308 0.020432692307692308
0 0.07091346153846154 0.49399038461538464 0.020432692307692308 0.020432692307692308
0 0.030048076923076924 0.5564903846153846 0.018028846153846152 0.018028846153846152
0 0.1045673076923077 0.8533653846153846 0.021634615384615384 0.021634615384615384
0 0.09134615384615384 0.7295673076923077 0.039663461538461536 0.039663461538461536
0 0.18629807692307693 0.6213942307692307 0.026442307692307692 0.026442307692307692
0 0.23918269230769232 0.6346153846153846 0.04447115384615385 0.04447115384615385
0 0.2512019230769231 0.5865384615384616 0.07451923076923077 0.07451923076923077
0 0.39903846153846156 0.6069711538461539 0.020432692307692308 0.020432692307692308
0 0.4519230769230769 0.6069711538461539 0.08052884615384616 0.08052884615384616
0 0.3894230769230769 0.6538461538461539 0.018028846153846152 0.018028846153846152
0 0.5697115384615384 0.6850961538461539 0.018028846153846152 0.018028846153846152
0 0.5721153846153846 0.734375 0.021634615384615384 0.021634615384615384
0 0.5973557692307693 0.7427884615384616 0.021634615384615384 0.021634615384615384
0 0.5877403846153846 0.7620192307692307 0.021634615384615384 0.021634615384615384
0 0.5480769230769231 0.8137019230769231 0.021634615384615384 0.021634615384615384
0 0.35096153846153844 0.7487980769230769 0.055288461538461536 0.055288461538461536
0 0.3293269230769231 0.8112980769230769 0.037259615384615384 0.037259615384615384
0 0.36778846153846156 0.8293269230769231 0.016826923076923076 0.016826923076923076
0 0.23918269230769232 0.8293269230769231 0.020432692307692308 0.020432692307692308
0 0.25841346153846156 0.7764423076923077 0.06370192307692307 0.06370192307692307
0 0.27524038461538464 0.8557692307692307 0.018028846153846152 0.018028846153846152
0 0.39302884615384615 0.7704326923076923 0.030048076923076924 0.030048076923076924
0 0.36538461538461536 0.8713942307692307 0.016826923076923076 0.016826923076923076
0 0.32211538461538464 0.9411057692307693 0.018028846153846152 0.018028846153846152
0 0.46033653846153844 0.7980769230769231 0.125 0.125
0 0.25 0.8894230769230769 0.055288461538461536 0.055288461538461536
0 0.484375 0.6670673076923077 0.046875 0.046875
0 0.41947115384615385 0.6911057692307693 0.02283653846153846 0.02283653846153846
0 0.7872596153846154 0.9591346153846154 0.026442307692307692 0.026442307692307692
0 0.6862980769230769 0.7680288461538461 0.018028846153846152 0.018028846153846152
0 0.6598557692307693 0.7355769230769231 0.021634615384615384 0.021634615384615384
0 0.578125 0.6466346153846154 0.021634615384615384 0.021634615384615384
0 0.8137019230769231 0.6177884615384616 0.016826923076923076 0.016826923076923076
0 0.8605769230769231 0.640625 0.06129807692307692 0.06129807692307692
0 0.8653846153846154 0.7487980769230769 0.028846153846153848 0.028846153846153848
0 0.5144230769230769 0.5877403846153846 0.016826923076923076 0.016826923076923076
0 0.3016826923076923 0.9038461538461539 0.042067307692307696 0.042067307692307696
0 0.9615384615384616 0.6286057692307693 0.016826923076923076 0.016826923076923076
0 0.9158653846153846 0.7800480769230769 0.03365384615384615 0.03365384615384615