0 0.14783653846153846 0.6129807692307693 0.19951923076923078 0.19951923076923078
0 0.1045673076923077 0.021634615384615384 0.021634615384615384 0.021634615384615384
0 0.10096153846153846 0.042067307692307696 0.020432692307692308 0.020432692307692308
0 0.13942307692307693 0.09495192307692307 0.042067307692307696 0.042067307692307696
0 0.12620192307692307 0.15384615384615385 0.016826923076923076 0.016826923076923076
0 0.19591346153846154 0.16466346153846154 0.02283653846153846 0.02283653846153846
0 0.6394230769230769 0.03125 0.052884615384615384 0.052884615384615384
0 0.7536057692307693 0.0889423076923077 0.025240384615384616 0.025240384615384616
0 0.7247596153846154 0.15865384615384615 0.05048076923076923 0.05048076923076923
0 0.6947115384615384 0.06009615384615385 0.10216346153846154 0.10216346153846154
0 0.8497596153846154 0.07211538461538461 0.06009615384615385 0.06009615384615385
0 0.8305288461538461 0.12620192307692307 0.018028846153846152 0.018028846153846152
0 0.8197115384615384 0.13822115384615385 0.020432692307692308 0.020432692307692308
0 0.7884615384615384 0.16706730769230768 0.02283653846153846 0.02283653846153846
0 0.7379807692307693 0.1875 0.04447115384615385 0.04447115384615385
0 0.9375 0.41947115384615385 0.026442307692307692 0.026442307692307692
0 0.9122596153846154 0.47475961538461536 0.018028846153846152 0.018028846153846152
0 0.9375 0.38461538461538464 0.020432692307692308 0.020432692307692308
0 0.7920673076923077 0.3329326923076923 0.020432692307692308 0.020432692307692308
0 0.6862980769230769 0.5456730769230769 0.018028846153846152 0.018028846153846152
0 0.8713942307692307 0.3112980769230769 0.06971153846153846 0.06971153846153846
0 0.9158653846153846 0.19831730769230768 0.07211538461538461 0.07211538461538461
0 0.90625 0.24759615384615385 0.04326923076923077 0.04326923076923077
0 0.6478365384615384 0.28966346153846156 0.12620192307692307 0.12620192307692307
0 0.6009615384615384 0.36899038461538464 0.018028846153846152 0.018028846153846152
0 0.6430288461538461 0.46274038461538464 0.02283653846153846 0.02283653846153846
0 0.6814903846153846 0.36177884615384615 0.055288461538461536 0.055288461538461536
0 0.6935096153846154 0.18389423076923078 0.02283653846153846 0.02283653846153846
0 0.6802884615384616 0.1201923076923077 0.07211538461538461 0.07211538461538461
0 0.6622596153846154 0.16466346153846154 0.055288461538461536 0.055288461538461536
0 0.9338942307692307 0.6670673076923077 0.05889423076923077 0.05889423076923077
0 0.47115384615384615 0.46634615384615385 0.09615384615384616 0.09615384615384616
0 0.46274038461538464 0.5288461538461539 0.046875 0.046875
0 0.4567307692307692 0.33653846153846156 0.11057692307692307 0.11057692307692307
0 0.5528846153846154 0.2860576923076923 0.06129807692307692 0.06129807692307692
0 0.4699519230769231 0.12860576923076922 0.039663461538461536 0.039663461538461536
0 0.4411057692307692 0.11538461538461539 0.028846153846153848 0.028846153846153848
0 0.42908653846153844 0.140625 0.025240384615384616 0.025240384615384616
0 0.41947115384615385 0.1141826923076923 0.020432692307692308 0.020432692307692308
0 0.29086538461538464 0.11538461538461539 0.039663461538461536 0.039663461538461536
0 0.38221153846153844 0.08052884615384616 0.02283653846153846 0.02283653846153846
0 0.28725961538461536 0.06490384615384616 0.038461538461538464 0.038461538461538464
0 0.38822115384615385 0.22716346153846154 0.03125 0.03125
0 0.35336538461538464 0.24759615384615385 0.018028846153846152 0.018028846153846152
0 0.4831730769230769 0.2403846153846154 0.042067307692307696 0.042067307692307696
0 0.44591346153846156 0.25240384615384615 0.039663461538461536 0.039663461538461536
0 0.39302884615384615 0.28365384615384615 0.03365384615384615 0.03365384615384615
0 0.3605769230769231 0.2704326923076923 0.020432692307692308 0.020432692307692308
0 0.34134615384615385 0.3088942307692308 0.03125 0.03125
0 0.20793269230769232 0.29927884615384615 0.08052884615384616 0.08052884615384616
0 0.27283653846153844 0.21875 0.02283653846153846 0.02283653846153846
0 0.29927884615384615 0.22596153846153846 0.030048076923076924 0.030048076923076924
0 0.27884615384615385 0.25841346153846156 0.046875 0.046875
0 0.20192307692307693 0.2091346153846154 0.021634615384615384 0.021634615384615384
0 0.53125 0.08533653846153846 0.05048076923076923 0.05048076923076923
0 0.3317307692307692 0.3942307692307692 0.07692307692307693 0.07692307692307693
0 0.5540865384615384 0.3942307692307692 0.09975961538461539 0.09975961538461539
0 0.5985576923076923 0.23076923076923078 0.07692307692307693 0.07692307692307693
0 0.5865384615384616 0.08653846153846154 0.021634615384615384 0.021634615384615384
0 0.6153846153846154 0.11778846153846154 0.051682692307692304 0.051682692307692304
0 0.3389423076923077 0.40024038461538464 0.042067307692307696 0.042067307692307696
0 0.2403846153846154 0.3954326923076923 0.051682692307692304 0.051682692307692304
0 0.4579326923076923 0.5709134615384616 0.22115384615384615 0.22115384615384615
0 0.3269230769230769 0.6394230769230769 0.12379807692307693 0.12379807692307693
0 0.2620192307692308 0.6021634615384616 0.042067307692307696 0.042067307692307696
0 0.23798076923076922 0.5480769230769231 0.09375 0.09375
0 0.3329326923076923 0.7367788461538461 0.0985576923076923 0.0985576923076923
0 0.21875 0.6983173076923077 0.025240384615384616 0.025240384615384616
0 0.3233173076923077 0.7716346153846154 0.025240384615384616 0.025240384615384616
0 0.5192307692307693 0.7427884615384616 0.02283653846153846 0.02283653846153846
0 0.5504807692307693 0.7596153846153846 0.052884615384615384 0.052884615384615384
0 0.5204326923076923 0.7800480769230769 0.018028846153846152 0.018028846153846152
0 0.5228365384615384 0.6129807692307693 0.016826923076923076 0.016826923076923076
0 0.5012019230769231 0.5396634615384616 0.018028846153846152 0.018028846153846152
0 0.78125 0.6117788461538461 0.020432692307692308 0.020432692307692308
0 0.7055288461538461 0.6826923076923077 0.020432692307692308 0.020432692307692308
0 0.6346153846153846 0.6694711538461539 0.042067307692307696 0.042067307692307696
0 0.6862980769230769 0.6971153846153846 0.08533653846153846 0.08533653846153846
0 0.21875 0.7752403846153846 0.11658653846153846 0.11658653846153846
0 0.109375 0.5048076923076923 0.03125 0.03125
0 0.18028846153846154 0.34615384615384615 0.042067307692307696 0.042067307692307696
0 0.21634615384615385 0.3245192307692308 0.02283653846153846 0.02283653846153846
0 0.18269230769230768 0.515625 0.1045673076923077 0.1045673076923077
0 0.13942307692307693 0.46634615384615385 0.078125 0.078125
0 0.09375 0.42788461538461536 0.09615384615384616 0.09615384615384616
0 0.10576923076923077 0.28125 0.09375 0.09375
0 0.18870192307692307 0.1935096153846154 0.018028846153846152 0.018028846153846152
0 0.019230769230769232 0.7127403846153846 0.037259615384615384 0.037259615384615384
0 0.039663461538461536 0.7680288461538461 0.020432692307692308 0.020432692307692308
0 0.08413461538461539 0.9278846153846154 0.08533653846153846 0.08533653846153846
0 0.22235576923076922 0.9555288461538461 0.04447115384615385 0.04447115384615385
0 0.125 0.8497596153846154 0.08533653846153846 0.08533653846153846
0 0.5 0.9411057692307693 0.06370192307692307 0.06370192307692307
0 0.4254807692307692 0.9038461538461539 0.016826923076923076 0.016826923076923076
0 0.35336538461538464 0.9495192307692307 0.020432692307692308 0.020432692307692308
0 0.3329326923076923 0.9711538461538461 0.038461538461538464 0.038461538461538464
0 0.38221153846153844 0.8473557692307693 0.06370192307692307 0.06370192307692307
0 0.21875 0.8629807692307693 0.07451923076923077 0.07451923076923077
0 0.36177884615384615 0.90625 0.08052884615384616 0.08052884615384616
0 0.4254807692307692 0.9603365384615384 0.030048076923076924 0.030048076923076924
0 0.07692307692307693 0.8137019230769231 0.03365384615384615 0.03365384615384615
0 0.5492788461538461 0.9182692307692307 0.06610576923076923 0.06610576923076923
0 0.4951923076923077 0.8088942307692307 0.016826923076923076 0.016826923076923076
0 0.453125 0.8569711538461539 0.051682692307692304 0.051682692307692304
0 0.7295673076923077 0.8149038461538461 0.037259615384615384 0.037259615384615384
0 0.7536057692307693 0.8617788461538461 0.09014423076923077 0.09014423076923077
0 0.6538461538461539 0.9411057692307693 0.04447115384615385 0.04447115384615385
0 0.6598557692307693 0.8918269230769231 0.055288461538461536 0.055288461538461536
0 0.7295673076923077 0.9399038461538461 0.09615384615384616 0.09615384615384616
0 0.8413461538461539 0.9447115384615384 0.018028846153846152 0.018028846153846152
0 0.5336538461538461 0.7271634615384616 0.026442307692307692 0.026442307692307692
0 0.7379807692307693 0.8665865384615384 0.016826923076923076 0.016826923076923076
0 0.890625 0.9086538461538461 0.02283653846153846 0.02283653846153846
0 0.9038461538461539 0.9663461538461539 0.016826923076923076 0.016826923076923076
0 0.90625 0.9819711538461539 0.021634615384615384 0.021634615384615384
0 0.8713942307692307 0.7788461538461539 0.020432692307692308 0.020432692307692308
0 0.78125 0.8016826923076923 0.04807692307692308 0.04807692307692308
0 0.8473557692307693 0.8762019230769231 0.04447115384615385 0.04447115384615385
0 0.46033653846153844 0.18389423076923078 0.04447115384615385 0.04447115384615385
0 0.09495192307692307 0.7403846153846154 0.018028846153846152 0.018028846153846152