0 0.09134615384615384 0.015625 0.02283653846153846 0.02283653846153846
0 0.5348557692307693 0.06610576923076923 0.030048076923076924 0.030048076923076924
0 0.5036057692307693 0.055288461538461536 0.037259615384615384 0.037259615384615384
0 0.3473557692307692 0.1346153846153846 0.039663461538461536 0.039663461538461536
0 0.21153846153846154 0.13221153846153846 0.02283653846153846 0.02283653846153846
0 0.09014423076923077 0.17668269230769232 0.020432692307692308 0.020432692307692308
0 0.6129807692307693 0.042067307692307696 0.026442307692307692 0.026442307692307692
0 0.9038461538461539 0.71875 0.04447115384615385 0.04447115384615385
0 0.8677884615384616 0.7247596153846154 0.016826923076923076 0.016826923076923076
0 0.8942307692307693 0.6646634615384616 0.016826923076923076 0.016826923076923076
0 0.6706730769230769 0.7019230769230769 0.025240384615384616 0.025240384615384616
0 0.6213942307692307 0.6514423076923077 0.025240384615384616 0.025240384615384616
0 0.5805288461538461 0.6286057692307693 0.02283653846153846 0.02283653846153846
0 0.765625 0.6069711538461539 0.020432692307692308 0.020432692307692308
0 0.7367788461538461 0.6117788461538461 0.021634615384615384 0.021634615384615384
0 0.7163461538461539 0.6033653846153846 0.02283653846153846 0.02283653846153846
0 0.9026442307692307 0.5853365384615384 0.020432692307692308 0.020432692307692308
0 0.8834134615384616 0.21153846153846154 0.018028846153846152 0.018028846153846152
0 0.9314903846153846 0.48197115384615385 0.016826923076923076 0.016826923076923076
0 0.6778846153846154 0.3870192307692308 0.030048076923076924 0.030048076923076924
0 0.6430288461538461 0.47115384615384615 0.03365384615384615 0.03365384615384615
0 0.6802884615384616 0.22115384615384615 0.021634615384615384 0.021634615384615384
0 0.6634615384615384 0.20432692307692307 0.021634615384615384 0.021634615384615384
0 0.3701923076923077 0.24278846153846154 0.026442307692307692 0.026442307692307692
0 0.3641826923076923 0.2091346153846154 0.038461538461538464 0.038461538461538464
0 0.4050480769230769 0.2980769230769231 0.030048076923076924 0.030048076923076924
0 0.4182692307692308 0.31850961538461536 0.025240384615384616 0.025240384615384616
0 0.5516826923076923 0.3329326923076923 0.018028846153846152 0.018028846153846152
0 0.47115384615384615 0.28725961538461536 0.021634615384615384 0.021634615384615384
0 0.6262019230769231 0.3112980769230769 0.025240384615384616 0.025240384615384616
0 0.6129807692307693 0.42908653846153844 0.046875 0.046875
0 0.6346153846153846 0.4495192307692308 0.03125 0.03125
0 0.46634615384615385 0.49278846153846156 0.020432692307692308 0.020432692307692308
0 0.44711538461538464 0.484375 0.026442307692307692 0.026442307692307692
0 0.42788461538461536 0.5132211538461539 0.025240384615384616 0.025240384615384616
0 0.39903846153846156 0.5144230769230769 0.020432692307692308 0.020432692307692308
0 0.24519230769230768 0.4182692307692308 0.021634615384615384 0.021634615384615384
0 0.2536057692307692 0.4639423076923077 0.021634615384615384 0.021634615384615384
0 0.2980769230769231 0.48197115384615385 0.018028846153846152 0.018028846153846152
0 0.3088942307692308 0.4050480769230769 0.021634615384615384 0.021634615384615384
0 0.28125 0.41947115384615385 0.039663461538461536 0.039663461538461536
0 0.28365384615384615 0.3713942307692308 0.018028846153846152 0.018028846153846152
0 0.2668269230769231 0.265625 0.020432692307692308 0.020432692307692308
0 0.2127403846153846 0.234375 0.02283653846153846 0.02283653846153846
0 0.06971153846153846 0.27283653846153844 0.016826923076923076 0.016826923076923076
0 0.039663461538461536 0.2932692307692308 0.028846153846153848 0.028846153846153848
0 0.020432692307692308 0.21514423076923078 0.018028846153846152 0.018028846153846152
0 0.35096153846153844 0.5709134615384616 0.020432692307692308 0.020432692307692308
0 0.35697115384615385 0.5853365384615384 0.021634615384615384 0.021634615384615384
0 0.3605769230769231 0.5961538461538461 0.018028846153846152 0.018028846153846152
0 0.2824519230769231 0.6237980769230769 0.018028846153846152 0.018028846153846152
0 0.40625 0.6947115384615384 0.03365384615384615 0.03365384615384615
0 0.5360576923076923 0.7019230769230769 0.03125 0.03125
0 0.5252403846153846 0.6742788461538461 0.030048076923076924 0.030048076923076924
0 0.203125 0.6262019230769231 0.030048076923076924 0.030048076923076924
0 0.15625 0.45552884615384615 0.030048076923076924 0.030048076923076924
0 0.15625 0.4735576923076923 0.039663461538461536 0.039663461538461536
0 0.18389423076923078 0.4879807692307692 0.021634615384615384 0.021634615384615384
0 0.046875 0.3798076923076923 0.016826923076923076 0.016826923076923076
0 0.010817307692307692 0.796875 0.021634615384615384 0.021634615384615384
0 0.09975961538461539 0.9771634615384616 0.020432692307692308 0.020432692307692308
0 0.22956730769230768 0.7764423076923077 0.020432692307692308 0.020432692307692308
0 0.30408653846153844 0.9074519230769231 0.020432692307692308 0.020432692307692308
0 0.17067307692307693 0.7271634615384616 0.018028846153846152 0.018028846153846152
0 0.5336538461538461 0.9194711538461539 0.020432692307692308 0.020432692307692308
0 0.5432692307692307 0.7992788461538461 0.026442307692307692 0.026442307692307692
0 0.5420673076923077 0.8173076923076923 0.03365384615384615 0.03365384615384615
0 0.5 0.7716346153846154 0.037259615384615384 0.037259615384615384
0 0.5132211538461539 0.7932692307692307 0.018028846153846152 0.018028846153846152
0 0.8100961538461539 0.8894230769230769 0.020432692307692308 0.020432692307692308
0 0.5552884615384616 0.9338942307692307 0.020432692307692308 0.020432692307692308
0 0.7235576923076923 0.7932692307692307 0.02283653846153846 0.02283653846153846
0 0.9230769230769231 0.8329326923076923 0.03485576923076923 0.03485576923076923
0 0.9387019230769231 0.9519230769230769 0.046875 0.046875
0 0.6983173076923077 0.30528846153846156 0.016826923076923076 0.016826923076923076