0 0.13581730769230768 0.5540865384615384 0.18990384615384615 0.18990384615384615
0 0.04447115384615385 0.19591346153846154 0.030048076923076924 0.030048076923076924
0 0.40865384615384615 0.016826923076923076 0.028846153846153848 0.028846153846153848
0 0.25600961538461536 0.06850961538461539 0.025240384615384616 0.025240384615384616
0 0.2764423076923077 0.1201923076923077 0.05048076923076923 0.05048076923076923
0 0.18389423076923078 0.23197115384615385 0.02283653846153846 0.02283653846153846
0 0.10336538461538461 0.17548076923076922 0.08052884615384616 0.08052884615384616
0 0.06129807692307692 0.24278846153846154 0.026442307692307692 0.026442307692307692
0 0.09375 0.27163461538461536 0.046875 0.046875
0 0.24278846153846154 0.3088942307692308 0.039663461538461536 0.039663461538461536
0 0.20192307692307693 0.29927884615384615 0.046875 0.046875
0 0.31009615384615385 0.18870192307692307 0.03485576923076923 0.03485576923076923
0 0.36899038461538464 0.23557692307692307 0.14543269230769232 0.14543269230769232
0 0.22235576923076922 0.1971153846153846 0.09014423076923077 0.09014423076923077
0 0.29447115384615385 0.03125 0.039663461538461536 0.039663461538461536
0 0.5360576923076923 0.11538461538461539 0.026442307692307692 0.026442307692307692
0 0.5516826923076923 0.14783653846153846 0.030048076923076924 0.030048076923076924
0 0.5324519230769231 0.17427884615384615 0.028846153846153848 0.028846153846153848
0 0.5709134615384616 0.21754807692307693 0.020432692307692308 0.020432692307692308
0 0.5612980769230769 0.25961538461538464 0.025240384615384616 0.025240384615384616
0 0.5685096153846154 0.28846153846153844 0.020432692307692308 0.020432692307692308
0 0.6009615384615384 0.32572115384615385 0.03365384615384615 0.03365384615384615
0 0.5901442307692307 0.34615384615384615 0.02283653846153846 0.02283653846153846
0 0.5817307692307693 0.36538461538461536 0.02283653846153846 0.02283653846153846
0 0.6225961538461539 0.3629807692307692 0.042067307692307696 0.042067307692307696
0 0.6634615384615384 0.33533653846153844 0.018028846153846152 0.018028846153846152
0 0.515625 0.08533653846153846 0.02283653846153846 0.02283653846153846
0 0.5757211538461539 0.09615384615384616 0.021634615384615384 0.021634615384615384
0 0.9615384615384616 0.1622596153846154 0.06971153846153846 0.06971153846153846
0 0.9362980769230769 0.22716346153846154 0.051682692307692304 0.051682692307692304
0 0.9471153846153846 0.2548076923076923 0.021634615384615384 0.021634615384615384
0 0.8786057692307693 0.26802884615384615 0.026442307692307692 0.026442307692307692
0 0.7920673076923077 0.3173076923076923 0.03365384615384615 0.03365384615384615
0 0.9603365384615384 0.33413461538461536 0.038461538461538464 0.038461538461538464
0 0.8822115384615384 0.36177884615384615 0.03485576923076923 0.03485576923076923
0 0.7992788461538461 0.3918269230769231 0.078125 0.078125
0 0.9519230769230769 0.46274038461538464 0.051682692307692304 0.051682692307692304
0 0.8137019230769231 0.47716346153846156 0.11298076923076923 0.11298076923076923
0 0.8161057692307693 0.5012019230769231 0.021634615384615384 0.021634615384615384
0 0.9663461538461539 0.6069711538461539 0.016826923076923076 0.016826923076923076
0 0.7235576923076923 0.5709134615384616 0.037259615384615384 0.037259615384615384
0 0.890625 0.6947115384615384 0.026442307692307692 0.026442307692307692
0 0.7355769230769231 0.6262019230769231 0.018028846153846152 0.018028846153846152
0 0.5961538461538461 0.6177884615384616 0.037259615384615384 0.037259615384615384
0 0.5865384615384616 0.7355769230769231 0.018028846153846152 0.018028846153846152
0 0.6971153846153846 0.7752403846153846 0.051682692307692304 0.051682692307692304
0 0.6478365384615384 0.8257211538461539 0.04447115384615385 0.04447115384615385
0 0.7536057692307693 0.796875 0.030048076923076924 0.030048076923076924
0 0.28365384615384615 0.6310096153846154 0.09495192307692307 0.09495192307692307
0 0.6069711538461539 0.5264423076923077 0.028846153846153848 0.028846153846153848
0 0.7463942307692307 0.13942307692307693 0.021634615384615384 0.021634615384615384
0 0.7223557692307693 0.22716346153846154 0.026442307692307692 0.026442307692307692
0 0.6995192307692307 0.21394230769230768 0.03125 0.03125
0 0.6778846153846154 0.25961538461538464 0.020432692307692308 0.020432692307692308
0 0.3762019230769231 0.3485576923076923 0.030048076923076924 0.030048076923076924
0 0.2692307692307692 0.3629807692307692 0.08653846153846154 0.08653846153846154
0 0.39302884615384615 0.36778846153846156 0.02283653846153846 0.02283653846153846
0 0.42788461538461536 0.4230769230769231 0.02283653846153846 0.02283653846153846
0 0.4362980769230769 0.39302884615384615 0.018028846153846152 0.018028846153846152
0 0.4170673076923077 0.39302884615384615 0.025240384615384616 0.025240384615384616
0 0.5396634615384616 0.4026442307692308 0.020432692307692308 0.020432692307692308
0 0.46634615384615385 0.38822115384615385 0.028846153846153848 0.028846153846153848
0 0.5805288461538461 0.4723557692307692 0.018028846153846152 0.018028846153846152
0 0.5745192307692307 0.4579326923076923 0.021634615384615384 0.021634615384615384
0 0.5120192307692307 0.49038461538461536 0.039663461538461536 0.039663461538461536
0 0.4963942307692308 0.5168269230769231 0.039663461538461536 0.039663461538461536
0 0.44350961538461536 0.5540865384615384 0.0733173076923077 0.0733173076923077
0 0.6274038461538461 0.46634615384615385 0.020432692307692308 0.020432692307692308
0 0.6502403846153846 0.5216346153846154 0.018028846153846152 0.018028846153846152
0 0.421875 0.3701923076923077 0.028846153846153848 0.028846153846153848
0 0.18389423076923078 0.4387019230769231 0.05048076923076923 0.05048076923076923
0 0.13581730769230768 0.40024038461538464 0.03125 0.03125
0 0.09375 0.4230769230769231 0.030048076923076924 0.030048076923076924
0 0.14783653846153846 0.6947115384615384 0.018028846153846152 0.018028846153846152
0 0.33774038461538464 0.7055288461538461 0.0733173076923077 0.0733173076923077
0 0.2403846153846154 0.9591346153846154 0.02283653846153846 0.02283653846153846
0 0.2127403846153846 0.9603365384615384 0.016826923076923076 0.016826923076923076
0 0.24158653846153846 0.9194711538461539 0.02283653846153846 0.02283653846153846
0 0.24759615384615385 0.8798076923076923 0.02283653846153846 0.02283653846153846
0 0.21875 0.8677884615384616 0.028846153846153848 0.028846153846153848
0 0.46634615384615385 0.8665865384615384 0.025240384615384616 0.025240384615384616
0 0.71875 0.890625 0.056490384615384616 0.056490384615384616
0 0.6935096153846154 0.9411057692307693 0.056490384615384616 0.056490384615384616
0 0.7608173076923077 0.9471153846153846 0.04807692307692308 0.04807692307692308
0 0.9146634615384616 0.9555288461538461 0.025240384615384616 0.025240384615384616
0 0.8978365384615384 0.8990384615384616 0.02283653846153846 0.02283653846153846
0 0.9711538461538461 0.8473557692307693 0.028846153846153848 0.028846153846153848
0 0.8930288461538461 0.8377403846153846 0.06850961538461539 0.06850961538461539