0 0.1658653846153846 0.018028846153846152 0.030048076923076924 0.030048076923076924
0 0.13221153846153846 0.057692307692307696 0.02283653846153846 0.02283653846153846
0 0.3485576923076923 0.12860576923076922 0.026442307692307692 0.026442307692307692
0 0.3137019230769231 0.15865384615384615 0.018028846153846152 0.018028846153846152
0 0.28966346153846156 0.16947115384615385 0.018028846153846152 0.018028846153846152
0 0.2620192307692308 0.14543269230769232 0.021634615384615384 0.021634615384615384
0 0.11778846153846154 0.12379807692307693 0.03485576923076923 0.03485576923076923
0 0.04447115384615385 0.13701923076923078 0.06490384615384616 0.06490384615384616
0 0.0985576923076923 0.16706730769230768 0.04447115384615385 0.04447115384615385
0 0.13822115384615385 0.18629807692307693 0.030048076923076924 0.030048076923076924
0 0.18389423076923078 0.10576923076923077 0.020432692307692308 0.020432692307692308
0 0.2247596153846154 0.042067307692307696 0.016826923076923076 0.016826923076923076
0 0.2704326923076923 0.06850961538461539 0.021634615384615384 0.021634615384615384
0 0.4098557692307692 0.054086538461538464 0.016826923076923076 0.016826923076923076
0 0.5504807692307693 0.056490384615384616 0.025240384615384616 0.025240384615384616
0 0.6538461538461539 0.1045673076923077 0.06009615384615385 0.06009615384615385
0 0.6394230769230769 0.1502403846153846 0.05048076923076923 0.05048076923076923
0 0.5853365384615384 0.1502403846153846 0.07451923076923077 0.07451923076923077
0 0.5997596153846154 0.09014423076923077 0.028846153846153848 0.028846153846153848
0 0.43990384615384615 0.14302884615384615 0.018028846153846152 0.018028846153846152
0 0.47716346153846156 0.19230769230769232 0.018028846153846152 0.018028846153846152
0 0.5348557692307693 0.2403846153846154 0.07692307692307693 0.07692307692307693
0 0.3293269230769231 0.32211538461538464 0.020432692307692308 0.020432692307692308
0 0.28365384615384615 0.3088942307692308 0.04807692307692308 0.04807692307692308
0 0.2824519230769231 0.21754807692307693 0.025240384615384616 0.025240384615384616
0 0.2668269230769231 0.23557692307692307 0.018028846153846152 0.018028846153846152
0 0.2548076923076923 0.2608173076923077 0.08653846153846154 0.08653846153846154
0 0.23918269230769232 0.21033653846153846 0.04447115384615385 0.04447115384615385
0 0.19471153846153846 0.18629807692307693 0.02283653846153846 0.02283653846153846
0 0.17067307692307693 0.19831730769230768 0.028846153846153848 0.028846153846153848
0 0.10817307692307693 0.33774038461538464 0.025240384615384616 0.025240384615384616
0 0.07692307692307693 0.28966346153846156 0.07692307692307693 0.07692307692307693
0 0.5204326923076923 0.11658653846153846 0.018028846153846152 0.018028846153846152
0 0.5096153846153846 0.15384615384615385 0.028846153846153848 0.028846153846153848
0 0.41466346153846156 0.39783653846153844 0.026442307692307692 0.026442307692307692
0 0.5036057692307693 0.38341346153846156 0.03125 0.03125
0 0.7512019230769231 0.30528846153846156 0.026442307692307692 0.026442307692307692
0 0.8413461538461539 0.23677884615384615 0.018028846153846152 0.018028846153846152
0 0.8173076923076923 0.23557692307692307 0.025240384615384616 0.025240384615384616
0 0.8221153846153846 0.15865384615384615 0.02283653846153846 0.02283653846153846
0 0.8209134615384616 0.11899038461538461 0.05889423076923077 0.05889423076923077
0 0.7235576923076923 0.07932692307692307 0.026442307692307692 0.026442307692307692
0 0.7175480769230769 0.052884615384615384 0.02283653846153846 0.02283653846153846
0 0.8798076923076923 0.05048076923076923 0.020432692307692308 0.020432692307692308
0 0.8978365384615384 0.042067307692307696 0.02283653846153846 0.02283653846153846
0 0.8161057692307693 0.05048076923076923 0.018028846153846152 0.018028846153846152
0 0.44471153846153844 0.01201923076923077 0.018028846153846152 0.018028846153846152
0 0.9338942307692307 0.26322115384615385 0.025240384615384616 0.025240384615384616
0 0.9122596153846154 0.28725961538461536 0.03125 0.03125
0 0.9230769230769231 0.3161057692307692 0.021634615384615384 0.021634615384615384
0 0.8858173076923077 0.3942307692307692 0.018028846153846152 0.018028846153846152
0 0.8689903846153846 0.49759615384615385 0.038461538461538464 0.038461538461538464
0 0.8221153846153846 0.5084134615384616 0.03485576923076923 0.03485576923076923
0 0.8533653846153846 0.6622596153846154 0.018028846153846152 0.018028846153846152
0 0.9362980769230769 0.6550480769230769 0.018028846153846152 0.018028846153846152
0 0.6310096153846154 0.5180288461538461 0.04447115384615385 0.04447115384615385
0 0.7391826923076923 0.6550480769230769 0.125 0.125
0 0.9086538461538461 0.7355769230769231 0.046875 0.046875
0 0.8521634615384616 0.7704326923076923 0.03365384615384615 0.03365384615384615
0 0.5336538461538461 0.6334134615384616 0.025240384615384616 0.025240384615384616
0 0.5096153846153846 0.6394230769230769 0.021634615384615384 0.021634615384615384
0 0.49158653846153844 0.6045673076923077 0.051682692307692304 0.051682692307692304
0 0.8894230769230769 0.22956730769230768 0.02283653846153846 0.02283653846153846
0 0.8485576923076923 0.15264423076923078 0.016826923076923076 0.016826923076923076
0 0.8509615384615384 0.17307692307692307 0.020432692307692308 0.020432692307692308
0 0.9495192307692307 0.20673076923076922 0.046875 0.046875
0 0.9447115384615384 0.12259615384615384 0.028846153846153848 0.028846153846153848
0 0.5240384615384616 0.45552884615384615 0.12620192307692307 0.12620192307692307
0 0.5168269230769231 0.5120192307692307 0.018028846153846152 0.018028846153846152
0 0.33653846153846156 0.4855769230769231 0.025240384615384616 0.025240384615384616
0 0.3161057692307692 0.5360576923076923 0.03485576923076923 0.03485576923076923
0 0.31490384615384615 0.47475961538461536 0.018028846153846152 0.018028846153846152
0 0.30288461538461536 0.45552884615384615 0.028846153846153848 0.028846153846153848
0 0.2536057692307692 0.4519230769230769 0.018028846153846152 0.018028846153846152
0 0.23798076923076922 0.4951923076923077 0.03125 0.03125
0 0.3786057692307692 0.6802884615384616 0.02283653846153846 0.02283653846153846
0 0.6081730769230769 0.4206730769230769 0.021634615384615384 0.021634615384615384
0 0.44350961538461536 0.4326923076923077 0.5516826923076923 0.5516826923076923
0 0.16706730769230768 0.390625 0.12860576923076922 0.12860576923076922
0 0.04447115384615385 0.3858173076923077 0.039663461538461536 0.039663461538461536
0 0.03245192307692308 0.6310096153846154 0.021634615384615384 0.021634615384615384
0 0.18629807692307693 0.6454326923076923 0.018028846153846152 0.018028846153846152
0 0.11057692307692307 0.6682692307692307 0.020432692307692308 0.020432692307692308
0 0.3425480769230769 0.6971153846153846 0.05048076923076923 0.05048076923076923
0 0.3004807692307692 0.6947115384615384 0.021634615384615384 0.021634615384615384
0 0.4411057692307692 0.6971153846153846 0.05889423076923077 0.05889423076923077
0 0.41225961538461536 0.7427884615384616 0.018028846153846152 0.018028846153846152
0 0.3918269230769231 0.7271634615384616 0.026442307692307692 0.026442307692307692
0 0.36778846153846156 0.7403846153846154 0.020432692307692308 0.020432692307692308
0 0.009615384615384616 0.6971153846153846 0.018028846153846152 0.018028846153846152
0 0.18389423076923078 0.7463942307692307 0.021634615384615384 0.021634615384615384
0 0.21875 0.7692307692307693 0.02283653846153846 0.02283653846153846
0 0.015625 0.7644230769230769 0.028846153846153848 0.028846153846153848
0 0.24639423076923078 0.6237980769230769 0.09615384615384616 0.09615384615384616
0 0.17307692307692307 0.3173076923076923 0.016826923076923076 0.016826923076923076
0 0.12379807692307693 0.9891826923076923 0.020432692307692308 0.020432692307692308
0 0.020432692307692308 0.9194711538461539 0.020432692307692308 0.020432692307692308
0 0.020432692307692308 0.8978365384615384 0.030048076923076924 0.030048076923076924
0 0.6646634615384616 0.9711538461538461 0.020432692307692308 0.020432692307692308
0 0.6802884615384616 0.9459134615384616 0.020432692307692308 0.020432692307692308
0 0.7127403846153846 0.9663461538461539 0.06490384615384616 0.06490384615384616
0 0.7487980769230769 0.9038461538461539 0.021634615384615384 0.021634615384615384
0 0.7439903846153846 0.8786057692307693 0.018028846153846152 0.018028846153846152
0 0.7067307692307693 0.8557692307692307 0.02283653846153846 0.02283653846153846
0 0.7151442307692307 0.8822115384615384 0.02283653846153846 0.02283653846153846
0 0.6442307692307693 0.8257211538461539 0.021634615384615384 0.021634615384615384
0 0.6694711538461539 0.8737980769230769 0.1201923076923077 0.1201923076923077
0 0.5300480769230769 0.8125 0.05048076923076923 0.05048076923076923
0 0.5324519230769231 0.8533653846153846 0.026442307692307692 0.026442307692307692
0 0.5144230769230769 0.9074519230769231 0.038461538461538464 0.038461538461538464
0 0.17908653846153846 0.8353365384615384 0.018028846153846152 0.018028846153846152
0 0.17548076923076922 0.9711538461538461 0.042067307692307696 0.042067307692307696
0 0.21875 0.9423076923076923 0.018028846153846152 0.018028846153846152
0 0.26322115384615385 0.9855769230769231 0.020432692307692308 0.020432692307692308
0 0.30288461538461536 0.8521634615384616 0.03125 0.03125
0 0.2644230769230769 0.8978365384615384 0.06009615384615385 0.06009615384615385
0 0.31009615384615385 0.7896634615384616 0.021634615384615384 0.021634615384615384
0 0.34375 0.8617788461538461 0.051682692307692304 0.051682692307692304
0 0.5793269230769231 0.7487980769230769 0.018028846153846152 0.018028846153846152
0 0.8076923076923077 0.7980769230769231 0.06009615384615385 0.06009615384615385
0 0.7235576923076923 0.7824519230769231 0.08533653846153846 0.08533653846153846
0 0.9086538461538461 0.8425480769230769 0.04807692307692308 0.04807692307692308
0 0.9663461538461539 0.8185096153846154 0.055288461538461536 0.055288461538461536
0 0.875 0.9002403846153846 0.018028846153846152 0.018028846153846152
0 0.9387019230769231 0.9122596153846154 0.028846153846153848 0.028846153846153848
0 0.6706730769230769 0.44471153846153844 0.020432692307692308 0.020432692307692308