0 0.042067307692307696 0.06610576923076923 0.021634615384615384 0.021634615384615384
0 0.44350961538461536 0.03245192307692308 0.018028846153846152 0.018028846153846152
0 0.6129807692307693 0.07451923076923077 0.10697115384615384 0.10697115384615384
0 0.7355769230769231 0.03365384615384615 0.06370192307692307 0.06370192307692307
0 0.9771634615384616 0.06610576923076923 0.03365384615384615 0.03365384615384615
0 0.9447115384615384 0.07211538461538461 0.038461538461538464 0.038461538461538464
0 0.9459134615384616 0.04447115384615385 0.016826923076923076 0.016826923076923076
0 0.9086538461538461 0.06370192307692307 0.016826923076923076 0.016826923076923076
0 0.7956730769230769 0.5060096153846154 0.021634615384615384 0.021634615384615384
0 0.8004807692307693 0.3485576923076923 0.021634615384615384 0.021634615384615384
0 0.7487980769230769 0.40024038461538464 0.021634615384615384 0.021634615384615384
0 0.7175480769230769 0.39302884615384615 0.025240384615384616 0.025240384615384616
0 0.6875 0.32211538461538464 0.13341346153846154 0.13341346153846154
0 0.6129807692307693 0.45552884615384615 0.018028846153846152 0.018028846153846152
0 0.5480769230769231 0.49278846153846156 0.021634615384615384 0.021634615384615384
0 0.5769230769230769 0.6225961538461539 0.018028846153846152 0.018028846153846152
0 0.9375 0.234375 0.020432692307692308 0.020432692307692308
0 0.6286057692307693 0.15144230769230768 0.026442307692307692 0.026442307692307692
0 0.7848557692307693 0.25600961538461536 0.078125 0.078125
0 0.7992788461538461 0.6225961538461539 0.12980769230769232 0.12980769230769232
0 0.7427884615384616 0.6790865384615384 0.030048076923076924 0.030048076923076924
0 0.8149038461538461 0.5420673076923077 0.34134615384615385 0.34134615384615385
0 0.6069711538461539 0.41466346153846156 0.12980769230769232 0.12980769230769232
0 0.8713942307692307 0.5817307692307693 0.08052884615384616 0.08052884615384616
0 0.6141826923076923 0.7103365384615384 0.02283653846153846 0.02283653846153846
0 0.46875 0.21875 0.03365384615384615 0.03365384615384615
0 0.4387019230769231 0.3605769230769231 0.021634615384615384 0.021634615384615384
0 0.46875 0.5024038461538461 0.030048076923076924 0.030048076923076924
0 0.3485576923076923 0.5324519230769231 0.042067307692307696 0.042067307692307696
0 0.3701923076923077 0.5949519230769231 0.039663461538461536 0.039663461538461536
0 0.3485576923076923 0.4483173076923077 0.018028846153846152 0.018028846153846152
0 0.3125 0.390625 0.020432692307692308 0.020432692307692308
0 0.5576923076923077 0.12860576923076922 0.04326923076923077 0.04326923076923077
0 0.171875 0.20432692307692307 0.026442307692307692 0.026442307692307692
0 0.15625 0.1814903846153846 0.021634615384615384 0.021634615384615384
0 0.13341346153846154 0.6382211538461539 0.018028846153846152 0.018028846153846152
0 0.04447115384615385 0.4074519230769231 0.018028846153846152 0.018028846153846152
0 0.03125 0.34375 0.016826923076923076 0.016826923076923076
0 0.5036057692307693 0.6838942307692307 0.04326923076923077 0.04326923076923077
0 0.14423076923076922 0.9375 0.018028846153846152 0.018028846153846152
0 0.15865384615384615 0.921875 0.030048076923076924 0.030048076923076924
0 0.14302884615384615 0.8966346153846154 0.020432692307692308 0.020432692307692308
0 0.14783653846153846 0.8521634615384616 0.03365384615384615 0.03365384615384615
0 0.07932692307692307 0.8822115384615384 0.06370192307692307 0.06370192307692307
0 0.18870192307692307 0.8954326923076923 0.02283653846153846 0.02283653846153846
0 0.20793269230769232 0.8870192307692307 0.018028846153846152 0.018028846153846152
0 0.34134615384615385 0.9278846153846154 0.018028846153846152 0.018028846153846152
0 0.46033653846153844 0.9615384615384616 0.016826923076923076 0.016826923076923076
0 0.6394230769230769 0.9338942307692307 0.09014423076923077 0.09014423076923077
0 0.4795673076923077 0.9639423076923077 0.020432692307692308 0.020432692307692308
0 0.5072115384615384 0.8557692307692307 0.020432692307692308 0.020432692307692308
0 0.65625 0.8209134615384616 0.055288461538461536 0.055288461538461536
0 0.5661057692307693 0.84375 0.026442307692307692 0.026442307692307692
0 0.5204326923076923 0.8377403846153846 0.021634615384615384 0.021634615384615384
0 0.7211538461538461 0.7716346153846154 0.04326923076923077 0.04326923076923077
0 0.7367788461538461 0.8004807692307693 0.028846153846153848 0.028846153846153848
0 0.8052884615384616 0.7668269230769231 0.05048076923076923 0.05048076923076923
0 0.5084134615384616 0.7427884615384616 0.06610576923076923 0.06610576923076923
0 0.6045673076923077 0.5168269230769231 0.020432692307692308 0.020432692307692308
0 0.5961538461538461 0.53125 0.021634615384615384 0.021634615384615384
0 0.5180288461538461 0.9002403846153846 0.042067307692307696 0.042067307692307696
0 0.8221153846153846 0.9495192307692307 0.06610576923076923 0.06610576923076923