0 0.09615384615384616 0.036057692307692304 0.03365384615384615 0.03365384615384615
0 0.1935096153846154 0.030048076923076924 0.052884615384615384 0.052884615384615384
0 0.4266826923076923 0.040865384615384616 0.018028846153846152 0.018028846153846152
0 0.3269230769230769 0.10697115384615384 0.016826923076923076 0.016826923076923076
0 0.9170673076923077 0.13221153846153846 0.021634615384615384 0.021634615384615384
0 0.9206730769230769 0.2403846153846154 0.020432692307692308 0.020432692307692308
0 0.7487980769230769 0.2692307692307692 0.018028846153846152 0.018028846153846152
0 0.48677884615384615 0.2668269230769231 0.09495192307692307 0.09495192307692307
0 0.43509615384615385 0.29447115384615385 0.039663461538461536 0.039663461538461536
0 0.47716346153846156 0.2091346153846154 0.018028846153846152 0.018028846153846152
0 0.4411057692307692 0.1141826923076923 0.042067307692307696 0.042067307692307696
0 0.6189903846153846 0.10216346153846154 0.07451923076923077 0.07451923076923077
0 0.8052884615384616 0.11298076923076923 0.12980769230769232 0.12980769230769232
0 0.7920673076923077 0.21033653846153846 0.078125 0.078125
0 0.5961538461538461 0.14783653846153846 0.042067307692307696 0.042067307692307696
0 0.8930288461538461 0.23317307692307693 0.039663461538461536 0.039663461538461536
0 0.8882211538461539 0.41346153846153844 0.21153846153846154 0.21153846153846154
0 0.7944711538461539 0.3016826923076923 0.09975961538461539 0.09975961538461539
0 0.6995192307692307 0.6165865384615384 0.22716346153846154 0.22716346153846154
0 0.5997596153846154 0.5961538461538461 0.06850961538461539 0.06850961538461539
0 0.234375 0.4519230769230769 0.16826923076923078 0.16826923076923078
0 0.10096153846153846 0.40024038461538464 0.06009615384615385 0.06009615384615385
0 0.09134615384615384 0.38822115384615385 0.09615384615384616 0.09615384615384616
0 0.1875 0.6670673076923077 0.06850961538461539 0.06850961538461539
0 0.18389423076923078 0.7980769230769231 0.06009615384615385 0.06009615384615385
0 0.6153846153846154 0.7367788461538461 0.037259615384615384 0.037259615384615384
0 0.13701923076923078 0.8653846153846154 0.021634615384615384 0.021634615384615384
0 0.3161057692307692 0.9050480769230769 0.028846153846153848 0.028846153846153848
0 0.5673076923076923 0.9278846153846154 0.038461538461538464 0.038461538461538464
0 0.5204326923076923 0.9471153846153846 0.03125 0.03125
0 0.33653846153846156 0.9278846153846154 0.020432692307692308 0.020432692307692308
0 0.6850961538461539 0.9230769230769231 0.039663461538461536 0.039663461538461536
0 0.7427884615384616 0.8665865384615384 0.021634615384615384 0.021634615384615384
0 0.8185096153846154 0.8485576923076923 0.020432692307692308 0.020432692307692308
0 0.8004807692307693 0.8870192307692307 0.06610576923076923 0.06610576923076923
0 0.7163461538461539 0.9447115384615384 0.039663461538461536 0.039663461538461536
0 0.8088942307692307 0.8100961538461539 0.018028846153846152 0.018028846153846152
0 0.8137019230769231 0.7247596153846154 0.025240384615384616 0.025240384615384616
0 0.9447115384615384 0.7211538461538461 0.09615384615384616 0.09615384615384616
0 0.41346153846153844 0.8894230769230769 0.10697115384615384 0.10697115384615384
0 0.5877403846153846 0.8798076923076923 0.07451923076923077 0.07451923076923077