0 0.6466346153846154 0.025240384615384616 0.026442307692307692 0.026442307692307692
0 0.6899038461538461 0.042067307692307696 0.018028846153846152 0.018028846153846152
0 0.9747596153846154 0.5204326923076923 0.020432692307692308 0.020432692307692308
0 0.8798076923076923 0.5480769230769231 0.016826923076923076 0.016826923076923076
0 0.9242788461538461 0.36778846153846156 0.018028846153846152 0.018028846153846152
0 0.9338942307692307 0.2091346153846154 0.021634615384615384 0.021634615384615384
0 0.7704326923076923 0.46634615384615385 0.025240384615384616 0.025240384615384616
0 0.7572115384615384 0.375 0.021634615384615384 0.021634615384615384
0 0.7463942307692307 0.23197115384615385 0.042067307692307696 0.042067307692307696
0 0.7680288461538461 0.27524038461538464 0.016826923076923076 0.016826923076923076
0 0.8137019230769231 0.2704326923076923 0.020432692307692308 0.020432692307692308
0 0.6694711538461539 0.4891826923076923 0.016826923076923076 0.016826923076923076
0 0.7007211538461539 0.20192307692307693 0.025240384615384616 0.025240384615384616
0 0.65625 0.19831730769230768 0.020432692307692308 0.020432692307692308
0 0.49278846153846156 0.21754807692307693 0.018028846153846152 0.018028846153846152
0 0.36778846153846156 0.15144230769230768 0.028846153846153848 0.028846153846153848
0 0.4098557692307692 0.16706730769230768 0.037259615384615384 0.037259615384615384
0 0.32091346153846156 0.4987980769230769 0.026442307692307692 0.026442307692307692
0 0.16706730769230768 0.5036057692307693 0.021634615384615384 0.021634615384615384
0 0.15625 0.4074519230769231 0.07692307692307693 0.07692307692307693
0 0.2704326923076923 0.38822115384615385 0.02283653846153846 0.02283653846153846
0 0.08413461538461539 0.3894230769230769 0.026442307692307692 0.026442307692307692
0 0.21153846153846154 0.27163461538461536 0.03125 0.03125
0 0.052884615384615384 0.25721153846153844 0.03125 0.03125
0 0.9002403846153846 0.8605769230769231 0.030048076923076924 0.030048076923076924
0 0.8377403846153846 0.7487980769230769 0.016826923076923076 0.016826923076923076
0 0.6682692307692307 0.7463942307692307 0.020432692307692308 0.020432692307692308
0 0.5324519230769231 0.7379807692307693 0.03485576923076923 0.03485576923076923
0 0.3269230769230769 0.6778846153846154 0.02283653846153846 0.02283653846153846
0 0.9867788461538461 0.7752403846153846 0.025240384615384616 0.025240384615384616
0 0.8497596153846154 0.6923076923076923 0.02283653846153846 0.02283653846153846
0 0.7740384615384616 0.3605769230769231 0.02283653846153846 0.02283653846153846