0 0.2608173076923077 0.07451923076923077 0.020432692307692308 0.020432692307692308
0 0.06009615384615385 0.03125 0.016826923076923076 0.016826923076923076
0 0.140625 0.34975961538461536 0.038461538461538464 0.038461538461538464
0 0.06610576923076923 0.140625 0.04447115384615385 0.04447115384615385
0 0.2644230769230769 0.057692307692307696 0.056490384615384616 0.056490384615384616
0 0.48197115384615385 0.18629807692307693 0.025240384615384616 0.025240384615384616
0 0.34134615384615385 0.1971153846153846 0.051682692307692304 0.051682692307692304
0 0.5600961538461539 0.11057692307692307 0.056490384615384616 0.056490384615384616
0 0.5 0.09375 0.042067307692307696 0.042067307692307696
0 0.6442307692307693 0.2247596153846154 0.03125 0.03125
0 0.21153846153846154 0.09134615384615384 0.05048076923076923 0.05048076923076923
0 0.46033653846153844 0.2247596153846154 0.055288461538461536 0.055288461538461536
0 0.5336538461538461 0.21634615384615385 0.09375 0.09375
0 0.4855769230769231 0.2608173076923077 0.03365384615384615 0.03365384615384615
0 0.6887019230769231 0.2608173076923077 0.016826923076923076 0.016826923076923076
0 0.6646634615384616 0.33774038461538464 0.09375 0.09375
0 0.6105769230769231 0.44350961538461536 0.03365384615384615 0.03365384615384615
0 0.5180288461538461 0.45552884615384615 0.030048076923076924 0.030048076923076924
0 0.6862980769230769 0.46274038461538464 0.021634615384615384 0.021634615384615384
0 0.9519230769230769 0.08173076923076923 0.038461538461538464 0.038461538461538464
0 0.9122596153846154 0.07451923076923077 0.11658653846153846 0.11658653846153846
0 0.8774038461538461 0.2247596153846154 0.08173076923076923 0.08173076923076923
0 0.9338942307692307 0.30288461538461536 0.02283653846153846 0.02283653846153846
0 0.8786057692307693 0.35336538461538464 0.018028846153846152 0.018028846153846152
0 0.8966346153846154 0.5432692307692307 0.203125 0.203125
0 0.7391826923076923 0.6454326923076923 0.1814903846153846 0.1814903846153846
0 0.8810096153846154 0.71875 0.08173076923076923 0.08173076923076923
0 0.46634615384615385 0.5444711538461539 0.04447115384615385 0.04447115384615385
0 0.17307692307692307 0.7055288461538461 0.026442307692307692 0.026442307692307692
0 0.03365384615384615 0.7764423076923077 0.020432692307692308 0.020432692307692308
0 0.26802884615384615 0.6959134615384616 0.018028846153846152 0.018028846153846152
0 0.3161057692307692 0.6947115384615384 0.078125 0.078125
0 0.33774038461538464 0.6370192307692307 0.021634615384615384 0.021634615384615384
0 0.15625 0.5444711538461539 0.016826923076923076 0.016826923076923076
0 0.04927884615384615 0.8930288461538461 0.04447115384615385 0.04447115384615385
0 0.18870192307692307 0.8305288461538461 0.020432692307692308 0.020432692307692308
0 0.22355769230769232 0.8786057692307693 0.030048076923076924 0.030048076923076924
0 0.2403846153846154 0.9302884615384616 0.07451923076923077 0.07451923076923077
0 0.17548076923076922 0.9242788461538461 0.018028846153846152 0.018028846153846152
0 0.421875 0.828125 0.06850961538461539 0.06850961538461539
0 0.6298076923076923 0.9711538461538461 0.021634615384615384 0.021634615384615384
0 0.8846153846153846 0.8137019230769231 0.125 0.125