0 0.01201923076923077 0.039663461538461536 0.02283653846153846 0.02283653846153846
0 0.06971153846153846 0.06129807692307692 0.026442307692307692 0.026442307692307692
0 0.078125 0.08052884615384616 0.025240384615384616 0.025240384615384616
0 0.056490384615384616 0.12379807692307693 0.06129807692307692 0.06129807692307692
0 0.03365384615384615 0.16466346153846154 0.03125 0.03125
0 0.01201923076923077 0.18389423076923078 0.020432692307692308 0.020432692307692308
0 0.15504807692307693 0.14543269230769232 0.02283653846153846 0.02283653846153846
0 0.1310096153846154 0.13942307692307693 0.026442307692307692 0.026442307692307692
0 0.11899038461538461 0.21875 0.018028846153846152 0.018028846153846152
0 0.21754807692307693 0.055288461538461536 0.04326923076923077 0.04326923076923077
0 0.3605769230769231 0.12620192307692307 0.020432692307692308 0.020432692307692308
0 0.33533653846153844 0.13701923076923078 0.020432692307692308 0.020432692307692308
0 0.5072115384615384 0.18509615384615385 0.020432692307692308 0.020432692307692308
0 0.578125 0.20192307692307693 0.038461538461538464 0.038461538461538464
0 0.5504807692307693 0.22115384615384615 0.021634615384615384 0.021634615384615384
0 0.5180288461538461 0.21995192307692307 0.020432692307692308 0.020432692307692308
0 0.49038461538461536 0.17668269230769232 0.03125 0.03125
0 0.4891826923076923 0.22956730769230768 0.020432692307692308 0.020432692307692308
0 0.44471153846153844 0.09134615384615384 0.04807692307692308 0.04807692307692308
0 0.3125 0.0889423076923077 0.037259615384615384 0.037259615384615384
0 0.4338942307692308 0.24278846153846154 0.026442307692307692 0.026442307692307692
0 0.4891826923076923 0.2704326923076923 0.018028846153846152 0.018028846153846152
0 0.5192307692307693 0.3076923076923077 0.025240384615384616 0.025240384615384616
0 0.5288461538461539 0.3485576923076923 0.03125 0.03125
0 0.4639423076923077 0.359375 0.037259615384615384 0.037259615384615384
0 0.5649038461538461 0.3161057692307692 0.025240384615384616 0.025240384615384616
0 0.1778846153846154 0.2704326923076923 0.03365384615384615 0.03365384615384615
0 0.14783653846153846 0.2920673076923077 0.025240384615384616 0.025240384615384616
0 0.1141826923076923 0.2848557692307692 0.042067307692307696 0.042067307692307696
0 0.2127403846153846 0.10216346153846154 0.03485576923076923 0.03485576923076923
0 0.6923076923076923 0.3125 0.038461538461538464 0.038461538461538464
0 0.5348557692307693 0.40625 0.02283653846153846 0.02283653846153846
0 0.5288461538461539 0.42788461538461536 0.038461538461538464 0.038461538461538464
0 0.5252403846153846 0.4567307692307692 0.03125 0.03125
0 0.46274038461538464 0.4831730769230769 0.052884615384615384 0.052884615384615384
0 0.39663461538461536 0.421875 0.018028846153846152 0.018028846153846152
0 0.34375 0.20552884615384615 0.25961538461538464 0.25961538461538464
0 0.41225961538461536 0.06129807692307692 0.046875 0.046875
0 0.7572115384615384 0.07932692307692307 0.09615384615384616 0.09615384615384616
0 0.8173076923076923 0.028846153846153848 0.018028846153846152 0.018028846153846152
0 0.921875 0.24639423076923078 0.021634615384615384 0.021634615384615384
0 0.9206730769230769 0.20552884615384615 0.038461538461538464 0.038461538461538464
0 0.9230769230769231 0.28725961538461536 0.02283653846153846 0.02283653846153846
0 0.9278846153846154 0.33533653846153844 0.026442307692307692 0.026442307692307692
0 0.9747596153846154 0.33533653846153844 0.038461538461538464 0.038461538461538464
0 0.9423076923076923 0.06850961538461539 0.016826923076923076 0.016826923076923076
0 0.84375 0.11298076923076923 0.020432692307692308 0.020432692307692308
0 0.9519230769230769 0.5036057692307693 0.020432692307692308 0.020432692307692308
0 0.8173076923076923 0.6274038461538461 0.042067307692307696 0.042067307692307696
0 0.7668269230769231 0.6237980769230769 0.046875 0.046875
0 0.6923076923076923 0.6141826923076923 0.039663461538461536 0.039663461538461536
0 0.5372596153846154 0.5012019230769231 0.030048076923076924 0.030048076923076924
0 0.5420673076923077 0.5336538461538461 0.037259615384615384 0.037259615384615384
0 0.53125 0.5949519230769231 0.038461538461538464 0.038461538461538464
0 0.5504807692307693 0.6838942307692307 0.046875 0.046875
0 0.9567307692307693 0.42427884615384615 0.030048076923076924 0.030048076923076924
0 0.9170673076923077 0.4723557692307692 0.016826923076923076 0.016826923076923076
0 0.6802884615384616 0.44350961538461536 0.018028846153846152 0.018028846153846152
0 0.9795673076923077 0.4855769230769231 0.039663461538461536 0.039663461538461536
0 0.6730769230769231 0.7019230769230769 0.025240384615384616 0.025240384615384616
0 0.7079326923076923 0.7355769230769231 0.06370192307692307 0.06370192307692307
0 0.8137019230769231 0.6838942307692307 0.06129807692307692 0.06129807692307692
0 0.6646634615384616 0.7223557692307693 0.06490384615384616 0.06490384615384616
0 0.36538461538461536 0.7103365384615384 0.021634615384615384 0.021634615384615384
0 0.20673076923076922 0.6382211538461539 0.026442307692307692 0.026442307692307692
0 0.203125 0.7163461538461539 0.021634615384615384 0.021634615384615384
0 0.27283653846153844 0.6670673076923077 0.06490384615384616 0.06490384615384616
0 0.2668269230769231 0.7331730769230769 0.020432692307692308 0.020432692307692308
0 0.171875 0.7536057692307693 0.021634615384615384 0.021634615384615384
0 0.1622596153846154 0.5793269230769231 0.020432692307692308 0.020432692307692308
0 0.08774038461538461 0.4362980769230769 0.04326923076923077 0.04326923076923077
0 0.07091346153846154 0.4182692307692308 0.021634615384615384 0.021634615384615384
0 0.04927884615384615 0.43149038461538464 0.020432692307692308 0.020432692307692308
0 0.2283653846153846 0.39783653846153844 0.018028846153846152 0.018028846153846152
0 0.7463942307692307 0.5649038461538461 0.05048076923076923 0.05048076923076923
0 0.45552884615384615 0.328125 0.020432692307692308 0.020432692307692308
0 0.16947115384615385 0.9723557692307693 0.042067307692307696 0.042067307692307696
0 0.16466346153846154 0.8894230769230769 0.02283653846153846 0.02283653846153846
0 0.20552884615384615 0.9459134615384616 0.021634615384615384 0.021634615384615384
0 0.19110576923076922 0.8245192307692307 0.016826923076923076 0.016826923076923076
0 0.23197115384615385 0.8725961538461539 0.018028846153846152 0.018028846153846152
0 0.2536057692307692 0.9110576923076923 0.018028846153846152 0.018028846153846152
0 0.22956730769230768 0.9242788461538461 0.016826923076923076 0.016826923076923076
0 0.27524038461538464 0.9314903846153846 0.06129807692307692 0.06129807692307692
0 0.3245192307692308 0.9471153846153846 0.020432692307692308 0.020432692307692308
0 0.31009615384615385 0.9579326923076923 0.02283653846153846 0.02283653846153846
0 0.35697115384615385 0.8245192307692307 0.03365384615384615 0.03365384615384615
0 0.41225961538461536 0.8569711538461539 0.020432692307692308 0.020432692307692308
0 0.4230769230769231 0.8040865384615384 0.016826923076923076 0.016826923076923076
0 0.2920673076923077 0.8197115384615384 0.018028846153846152 0.018028846153846152
0 0.5829326923076923 0.9206730769230769 0.021634615384615384 0.021634615384615384
0 0.5661057692307693 0.8858173076923077 0.04807692307692308 0.04807692307692308
0 0.6959134615384616 0.8798076923076923 0.05048076923076923 0.05048076923076923
0 0.5564903846153846 0.96875 0.025240384615384616 0.025240384615384616
0 0.7091346153846154 0.9543269230769231 0.03365384615384615 0.03365384615384615
0 0.13341346153846154 0.9771634615384616 0.02283653846153846 0.02283653846153846