0 0.10697115384615384 0.016826923076923076 0.021634615384615384 0.021634615384615384
0 0.04927884615384615 0.3545673076923077 0.018028846153846152 0.018028846153846152
0 0.08533653846153846 0.3401442307692308 0.026442307692307692 0.026442307692307692
0 0.23798076923076922 0.04326923076923077 0.03485576923076923 0.03485576923076923
0 0.16947115384615385 0.010817307692307692 0.016826923076923076 0.016826923076923076
0 0.19110576923076922 0.042067307692307696 0.03485576923076923 0.03485576923076923
0 0.14302884615384615 0.08774038461538461 0.12379807692307693 0.12379807692307693
0 0.34375 0.23197115384615385 0.04326923076923077 0.04326923076923077
0 0.23798076923076922 0.20072115384615385 0.11658653846153846 0.11658653846153846
0 0.5288461538461539 0.16466346153846154 0.06850961538461539 0.06850961538461539
0 0.6754807692307693 0.2247596153846154 0.039663461538461536 0.039663461538461536
0 0.40024038461538464 0.13701923076923078 0.13942307692307693 0.13942307692307693
0 0.40384615384615385 0.10216346153846154 0.016826923076923076 0.016826923076923076
0 0.7463942307692307 0.08413461538461539 0.030048076923076924 0.030048076923076924
0 0.9495192307692307 0.21754807692307693 0.056490384615384616 0.056490384615384616
0 0.8413461538461539 0.21153846153846154 0.026442307692307692 0.026442307692307692
0 0.7896634615384616 0.3329326923076923 0.042067307692307696 0.042067307692307696
0 0.8064903846153846 0.30528846153846156 0.038461538461538464 0.038461538461538464
0 0.8088942307692307 0.20793269230769232 0.018028846153846152 0.018028846153846152
0 0.7980769230769231 0.22956730769230768 0.020432692307692308 0.020432692307692308
0 0.8052884615384616 0.2776442307692308 0.020432692307692308 0.020432692307692308
0 0.7884615384615384 0.4735576923076923 0.042067307692307696 0.042067307692307696
0 0.9495192307692307 0.7896634615384616 0.03365384615384615 0.03365384615384615
0 0.9002403846153846 0.8100961538461539 0.07451923076923077 0.07451923076923077
0 0.9254807692307693 0.8509615384615384 0.04447115384615385 0.04447115384615385
0 0.9026442307692307 0.8762019230769231 0.028846153846153848 0.028846153846153848
0 0.90625 0.9074519230769231 0.04326923076923077 0.04326923076923077
0 0.7980769230769231 0.8293269230769231 0.078125 0.078125
0 0.6995192307692307 0.8425480769230769 0.026442307692307692 0.026442307692307692
0 0.6983173076923077 0.8665865384615384 0.030048076923076924 0.030048076923076924
0 0.7091346153846154 0.8846153846153846 0.016826923076923076 0.016826923076923076
0 0.7139423076923077 0.7896634615384616 0.08653846153846154 0.08653846153846154
0 0.6117788461538461 0.7860576923076923 0.08774038461538461 0.08774038461538461
0 0.44350961538461536 0.796875 0.021634615384615384 0.021634615384615384
0 0.484375 0.90625 0.025240384615384616 0.025240384615384616
0 0.6670673076923077 0.6634615384615384 0.051682692307692304 0.051682692307692304
0 0.5576923076923077 0.6382211538461539 0.021634615384615384 0.021634615384615384
0 0.328125 0.7403846153846154 0.025240384615384616 0.025240384615384616
0 0.3485576923076923 0.7680288461538461 0.030048076923076924 0.030048076923076924
0 0.5216346153846154 0.5216346153846154 0.03125 0.03125
0 0.2620192307692308 0.421875 0.06129807692307692 0.06129807692307692
0 0.3245192307692308 0.5661057692307693 0.026442307692307692 0.026442307692307692
0 0.5336538461538461 0.7007211538461539 0.018028846153846152 0.018028846153846152
0 0.46274038461538464 0.7079326923076923 0.018028846153846152 0.018028846153846152
0 0.20072115384615385 0.8076923076923077 0.09975961538461539 0.09975961538461539
0 0.23677884615384615 0.8834134615384616 0.04326923076923077 0.04326923076923077
0 0.24879807692307693 0.9867788461538461 0.021634615384615384 0.021634615384615384
0 0.19471153846153846 0.6899038461538461 0.03125 0.03125
0 0.3161057692307692 0.5997596153846154 0.018028846153846152 0.018028846153846152
0 0.4987980769230769 0.9855769230769231 0.016826923076923076 0.016826923076923076
0 0.875 0.9567307692307693 0.020432692307692308 0.020432692307692308
0 0.9194711538461539 0.9723557692307693 0.052884615384615384 0.052884615384615384
0 0.7692307692307693 0.3870192307692308 0.025240384615384616 0.025240384615384616
0 0.8365384615384616 0.4110576923076923 0.046875 0.046875
0 0.7427884615384616 0.5612980769230769 0.052884615384615384 0.052884615384615384