0 0.15384615384615385 0.1045673076923077 0.021634615384615384 0.021634615384615384
0 0.1141826923076923 0.11298076923076923 0.020432692307692308 0.020432692307692308
0 0.06971153846153846 0.22355769230769232 0.020432692307692308 0.020432692307692308
0 0.009615384615384616 0.04447115384615385 0.016826923076923076 0.016826923076923076
0 0.39302884615384615 0.028846153846153848 0.039663461538461536 0.039663461538461536
0 0.21033653846153846 0.08533653846153846 0.03365384615384615 0.03365384615384615
0 0.3545673076923077 0.1622596153846154 0.018028846153846152 0.018028846153846152
0 0.22115384615384615 0.2704326923076923 0.05889423076923077 0.05889423076923077
0 0.13221153846153846 0.27524038461538464 0.026442307692307692 0.026442307692307692
0 0.2800480769230769 0.2608173076923077 0.025240384615384616 0.025240384615384616
0 0.4495192307692308 0.13701923076923078 0.026442307692307692 0.026442307692307692
0 0.41947115384615385 0.2668269230769231 0.025240384615384616 0.025240384615384616
0 0.49399038461538464 0.07692307692307693 0.018028846153846152 0.018028846153846152
0 0.5384615384615384 0.09975961538461539 0.016826923076923076 0.016826923076923076
0 0.578125 0.20793269230769232 0.030048076923076924 0.030048076923076924
0 0.5504807692307693 0.18990384615384615 0.028846153846153848 0.028846153846153848
0 0.8701923076923077 0.052884615384615384 0.030048076923076924 0.030048076923076924
0 0.9759615384615384 0.078125 0.03125 0.03125
0 0.96875 0.0985576923076923 0.018028846153846152 0.018028846153846152
0 0.9387019230769231 0.23557692307692307 0.03485576923076923 0.03485576923076923
0 0.8822115384615384 0.24639423076923078 0.025240384615384616 0.025240384615384616
0 0.8822115384615384 0.26802884615384615 0.03125 0.03125
0 0.7007211538461539 0.27524038461538464 0.04447115384615385 0.04447115384615385
0 0.6442307692307693 0.19831730769230768 0.078125 0.078125
0 0.7091346153846154 0.23197115384615385 0.03125 0.03125
0 0.9302884615384616 0.5625 0.03365384615384615 0.03365384615384615
0 0.9050480769230769 0.5444711538461539 0.018028846153846152 0.018028846153846152
0 0.9350961538461539 0.5444711538461539 0.020432692307692308 0.020432692307692308
0 0.9819711538461539 0.5612980769230769 0.020432692307692308 0.020432692307692308
0 0.9819711538461539 0.6081730769230769 0.025240384615384616 0.025240384615384616
0 0.8257211538461539 0.44711538461538464 0.04326923076923077 0.04326923076923077
0 0.7788461538461539 0.4423076923076923 0.03365384615384615 0.03365384615384615
0 0.7680288461538461 0.5072115384615384 0.03485576923076923 0.03485576923076923
0 0.8629807692307693 0.4014423076923077 0.06971153846153846 0.06971153846153846
0 0.9699519230769231 0.31971153846153844 0.025240384615384616 0.025240384615384616
0 0.6899038461538461 0.6009615384615384 0.021634615384615384 0.021634615384615384
0 0.8353365384615384 0.6754807692307693 0.052884615384615384 0.052884615384615384
0 0.71875 0.6694711538461539 0.026442307692307692 0.026442307692307692
0 0.6754807692307693 0.703125 0.046875 0.046875
0 0.7271634615384616 0.4362980769230769 0.016826923076923076 0.016826923076923076
0 0.7716346153846154 0.3870192307692308 0.020432692307692308 0.020432692307692308
0 0.6875 0.34134615384615385 0.03365384615384615 0.03365384615384615
0 0.6370192307692307 0.36899038461538464 0.016826923076923076 0.016826923076923076
0 0.6622596153846154 0.4266826923076923 0.02283653846153846 0.02283653846153846
0 0.9122596153846154 0.7151442307692307 0.016826923076923076 0.016826923076923076
0 0.6947115384615384 0.7824519230769231 0.021634615384615384 0.021634615384615384
0 0.6850961538461539 0.7512019230769231 0.02283653846153846 0.02283653846153846
0 0.6165865384615384 0.5180288461538461 0.021634615384615384 0.021634615384615384
0 0.7824519230769231 0.8233173076923077 0.016826923076923076 0.016826923076923076
0 0.7055288461538461 0.7872596153846154 0.052884615384615384 0.052884615384615384
0 0.765625 0.8004807692307693 0.03485576923076923 0.03485576923076923
0 0.8028846153846154 0.7596153846153846 0.04447115384615385 0.04447115384615385
0 0.7427884615384616 0.7271634615384616 0.021634615384615384 0.021634615384615384
0 0.6490384615384616 0.9278846153846154 0.046875 0.046875
0 0.7367788461538461 0.9206730769230769 0.018028846153846152 0.018028846153846152
0 0.7632211538461539 0.953125 0.03485576923076923 0.03485576923076923
0 0.7716346153846154 0.9302884615384616 0.018028846153846152 0.018028846153846152
0 0.8161057692307693 0.9326923076923077 0.04326923076923077 0.04326923076923077
0 0.8569711538461539 0.9627403846153846 0.030048076923076924 0.030048076923076924
0 0.7944711538461539 0.9663461538461539 0.016826923076923076 0.016826923076923076
0 0.4831730769230769 0.5072115384615384 0.016826923076923076 0.016826923076923076
0 0.4338942307692308 0.5444711538461539 0.02283653846153846 0.02283653846153846
0 0.4639423076923077 0.5564903846153846 0.025240384615384616 0.025240384615384616
0 0.43149038461538464 0.5697115384615384 0.02283653846153846 0.02283653846153846
0 0.40024038461538464 0.5961538461538461 0.018028846153846152 0.018028846153846152
0 0.5204326923076923 0.6911057692307693 0.04326923076923077 0.04326923076923077
0 0.3112980769230769 0.7536057692307693 0.021634615384615384 0.021634615384615384
0 0.32091346153846156 0.7728365384615384 0.021634615384615384 0.021634615384615384
0 0.328125 0.7884615384615384 0.016826923076923076 0.016826923076923076
0 0.18509615384615385 0.5865384615384616 0.026442307692307692 0.026442307692307692
0 0.17307692307692307 0.6213942307692307 0.04447115384615385 0.04447115384615385
0 0.12379807692307693 0.6262019230769231 0.03125 0.03125
0 0.13581730769230768 0.6478365384615384 0.028846153846153848 0.028846153846153848
0 0.4182692307692308 0.5336538461538461 0.018028846153846152 0.018028846153846152
0 0.4423076923076923 0.46875 0.039663461538461536 0.039663461538461536
0 0.6117788461538461 0.546875 0.06971153846153846 0.06971153846153846
0 0.23557692307692307 0.34615384615384615 0.028846153846153848 0.028846153846153848
0 0.20432692307692307 0.36538461538461536 0.038461538461538464 0.038461538461538464
0 0.2980769230769231 0.33653846153846156 0.018028846153846152 0.018028846153846152
0 0.2548076923076923 0.4567307692307692 0.02283653846153846 0.02283653846153846
0 0.17307692307692307 0.45552884615384615 0.016826923076923076 0.016826923076923076
0 0.17067307692307693 0.4074519230769231 0.025240384615384616 0.025240384615384616
0 0.07932692307692307 0.48197115384615385 0.0733173076923077 0.0733173076923077
0 0.028846153846153848 0.5144230769230769 0.018028846153846152 0.018028846153846152
0 0.08052884615384616 0.6754807692307693 0.1201923076923077 0.1201923076923077
0 0.15144230769230768 0.5180288461538461 0.03365384615384615 0.03365384615384615
0 0.09975961538461539 0.5228365384615384 0.04447115384615385 0.04447115384615385
0 0.12139423076923077 0.5805288461538461 0.04447115384615385 0.04447115384615385
0 0.06610576923076923 0.421875 0.037259615384615384 0.037259615384615384
0 0.051682692307692304 0.3581730769230769 0.030048076923076924 0.030048076923076924
0 0.2824519230769231 0.6346153846153846 0.025240384615384616 0.025240384615384616
0 0.1622596153846154 0.9603365384615384 0.021634615384615384 0.021634615384615384
0 0.1045673076923077 0.9170673076923077 0.030048076923076924 0.030048076923076924
0 0.14182692307692307 0.90625 0.055288461538461536 0.055288461538461536
0 0.2536057692307692 0.96875 0.05889423076923077 0.05889423076923077
0 0.47836538461538464 0.9771634615384616 0.026442307692307692 0.026442307692307692
0 0.039663461538461536 0.8377403846153846 0.028846153846153848 0.028846153846153848
0 0.29447115384615385 0.8762019230769231 0.016826923076923076 0.016826923076923076
0 0.4014423076923077 0.7860576923076923 0.021634615384615384 0.021634615384615384
0 0.5504807692307693 0.9362980769230769 0.020432692307692308 0.020432692307692308
0 0.4855769230769231 0.8930288461538461 0.020432692307692308 0.020432692307692308
0 0.4326923076923077 0.9627403846153846 0.026442307692307692 0.026442307692307692
0 0.3858173076923077 0.9627403846153846 0.03485576923076923 0.03485576923076923
0 0.5769230769230769 0.8521634615384616 0.06610576923076923 0.06610576923076923
0 0.8185096153846154 0.8954326923076923 0.026442307692307692 0.026442307692307692
0 0.16105769230769232 0.3762019230769231 0.03125 0.03125