0 0.9759615384615384 0.13942307692307693 0.020432692307692308 0.020432692307692308
0 0.6959134615384616 0.2247596153846154 0.03125 0.03125
0 0.6322115384615384 0.2247596153846154 0.039663461538461536 0.039663461538461536
0 0.7247596153846154 0.17548076923076922 0.018028846153846152 0.018028846153846152
0 0.6322115384615384 0.14302884615384615 0.037259615384615384 0.037259615384615384
0 0.6129807692307693 0.16947115384615385 0.030048076923076924 0.030048076923076924
0 0.6778846153846154 0.11298076923076923 0.016826923076923076 0.016826923076923076
0 0.6550480769230769 0.11778846153846154 0.021634615384615384 0.021634615384615384
0 0.7451923076923077 0.06971153846153846 0.020432692307692308 0.020432692307692308
0 0.8064903846153846 0.038461538461538464 0.02283653846153846 0.02283653846153846
0 0.8677884615384616 0.1875 0.016826923076923076 0.016826923076923076
0 0.9242788461538461 0.671875 0.038461538461538464 0.038461538461538464
0 0.8088942307692307 0.7620192307692307 0.038461538461538464 0.038461538461538464
0 0.8365384615384616 0.42788461538461536 0.13221153846153846 0.13221153846153846
0 0.9302884615384616 0.4254807692307692 0.078125 0.078125
0 0.9278846153846154 0.6887019230769231 0.06971153846153846 0.06971153846153846
0 0.5649038461538461 0.390625 0.026442307692307692 0.026442307692307692
0 0.5264423076923077 0.375 0.018028846153846152 0.018028846153846152
0 0.41346153846153844 0.41225961538461536 0.021634615384615384 0.021634615384615384
0 0.33774038461538464 0.6213942307692307 0.021634615384615384 0.021634615384615384
0 0.3269230769230769 0.6394230769230769 0.016826923076923076 0.016826923076923076
0 0.3137019230769231 0.6538461538461539 0.025240384615384616 0.025240384615384616
0 0.29447115384615385 0.6730769230769231 0.016826923076923076 0.016826923076923076
0 0.40024038461538464 0.71875 0.018028846153846152 0.018028846153846152
0 0.3701923076923077 0.6730769230769231 0.018028846153846152 0.018028846153846152
0 0.4326923076923077 0.7728365384615384 0.028846153846153848 0.028846153846153848
0 0.4170673076923077 0.7992788461538461 0.030048076923076924 0.030048076923076924
0 0.4543269230769231 0.8293269230769231 0.026442307692307692 0.026442307692307692
0 0.4795673076923077 0.8269230769230769 0.016826923076923076 0.016826923076923076
0 0.27283653846153844 0.8870192307692307 0.028846153846153848 0.028846153846153848
0 0.3088942307692308 0.7379807692307693 0.026442307692307692 0.026442307692307692
0 0.8569711538461539 0.53125 0.02283653846153846 0.02283653846153846
0 0.7079326923076923 0.5540865384615384 0.020432692307692308 0.020432692307692308
0 0.29927884615384615 0.6105769230769231 0.046875 0.046875
0 0.28125 0.6394230769230769 0.04447115384615385 0.04447115384615385
0 0.28846153846153844 0.7007211538461539 0.026442307692307692 0.026442307692307692
0 0.203125 0.7307692307692307 0.025240384615384616 0.025240384615384616
0 0.3401442307692308 0.5396634615384616 0.039663461538461536 0.039663461538461536
0 0.1971153846153846 0.5480769230769231 0.15985576923076922 0.15985576923076922
0 0.10096153846153846 0.5841346153846154 0.018028846153846152 0.018028846153846152
0 0.2127403846153846 0.39302884615384615 0.026442307692307692 0.026442307692307692
0 0.027644230769230768 0.23197115384615385 0.016826923076923076 0.016826923076923076
0 0.36177884615384615 0.5588942307692307 0.11778846153846154 0.11778846153846154
0 0.29447115384615385 0.9483173076923077 0.025240384615384616 0.025240384615384616
0 0.19471153846153846 0.9459134615384616 0.016826923076923076 0.016826923076923076
0 0.3329326923076923 0.8870192307692307 0.03125 0.03125
0 0.5649038461538461 0.9819711538461539 0.020432692307692308 0.020432692307692308
0 0.609375 0.8305288461538461 0.05048076923076923 0.05048076923076923
0 0.5925480769230769 0.7992788461538461 0.051682692307692304 0.051682692307692304
0 0.9387019230769231 0.8365384615384616 0.021634615384615384 0.021634615384615384
0 0.7223557692307693 0.8846153846153846 0.018028846153846152 0.018028846153846152
0 0.7271634615384616 0.8713942307692307 0.020432692307692308 0.020432692307692308
0 0.9194711538461539 0.9110576923076923 0.08173076923076923 0.08173076923076923
0 0.5252403846153846 0.15625 0.016826923076923076 0.016826923076923076