0 0.16105769230769232 0.07572115384615384 0.021634615384615384 0.021634615384615384
0 0.28846153846153844 0.09975961538461539 0.026442307692307692 0.026442307692307692
0 0.3701923076923077 0.11538461538461539 0.025240384615384616 0.025240384615384616
0 0.46634615384615385 0.06370192307692307 0.06009615384615385 0.06009615384615385
0 0.5685096153846154 0.019230769230769232 0.028846153846153848 0.028846153846153848
0 0.5444711538461539 0.028846153846153848 0.020432692307692308 0.020432692307692308
0 0.5853365384615384 0.037259615384615384 0.020432692307692308 0.020432692307692308
0 0.5552884615384616 0.07692307692307693 0.025240384615384616 0.025240384615384616
0 0.6923076923076923 0.17307692307692307 0.018028846153846152 0.018028846153846152
0 0.6959134615384616 0.11298076923076923 0.018028846153846152 0.018028846153846152
0 0.6021634615384616 0.11538461538461539 0.018028846153846152 0.018028846153846152
0 0.7079326923076923 0.057692307692307696 0.020432692307692308 0.020432692307692308
0 0.5913461538461539 0.0733173076923077 0.018028846153846152 0.018028846153846152
0 0.8497596153846154 0.03125 0.028846153846153848 0.028846153846153848
0 0.8245192307692307 0.028846153846153848 0.02283653846153846 0.02283653846153846
0 0.8353365384615384 0.09975961538461539 0.021634615384615384 0.021634615384615384
0 0.8137019230769231 0.16466346153846154 0.02283653846153846 0.02283653846153846
0 0.43509615384615385 0.23197115384615385 0.037259615384615384 0.037259615384615384
0 0.38822115384615385 0.2512019230769231 0.03485576923076923 0.03485576923076923
0 0.06610576923076923 0.2692307692307692 0.025240384615384616 0.025240384615384616
0 0.9879807692307693 0.328125 0.020432692307692308 0.020432692307692308
0 0.9002403846153846 0.3557692307692308 0.039663461538461536 0.039663461538461536
0 0.8798076923076923 0.5144230769230769 0.03365384615384615 0.03365384615384615
0 0.8798076923076923 0.546875 0.021634615384615384 0.021634615384615384
0 0.6286057692307693 0.48197115384615385 0.03365384615384615 0.03365384615384615
0 0.6129807692307693 0.5504807692307693 0.02283653846153846 0.02283653846153846
0 0.5216346153846154 0.49759615384615385 0.02283653846153846 0.02283653846153846
0 0.5637019230769231 0.5721153846153846 0.018028846153846152 0.018028846153846152
0 0.5769230769230769 0.3870192307692308 0.02283653846153846 0.02283653846153846
0 0.5492788461538461 0.38221153846153844 0.028846153846153848 0.028846153846153848
0 0.4987980769230769 0.3713942307692308 0.018028846153846152 0.018028846153846152
0 0.5108173076923077 0.4266826923076923 0.021634615384615384 0.021634615384615384
0 0.6262019230769231 0.25600961538461536 0.02283653846153846 0.02283653846153846
0 0.9338942307692307 0.40865384615384615 0.016826923076923076 0.016826923076923076
0 0.9194711538461539 0.3798076923076923 0.020432692307692308 0.020432692307692308
0 0.6310096153846154 0.7740384615384616 0.02283653846153846 0.02283653846153846
0 0.42427884615384615 0.7908653846153846 0.026442307692307692 0.026442307692307692
0 0.47475961538461536 0.6923076923076923 0.026442307692307692 0.026442307692307692
0 0.4579326923076923 0.6502403846153846 0.028846153846153848 0.028846153846153848
0 0.5288461538461539 0.6766826923076923 0.08173076923076923 0.08173076923076923
0 0.5420673076923077 0.7620192307692307 0.08774038461538461 0.08774038461538461
0 0.3449519230769231 0.7884615384615384 0.05048076923076923 0.05048076923076923
0 0.3112980769230769 0.7584134615384616 0.016826923076923076 0.016826923076923076
0 0.14302884615384615 0.7211538461538461 0.06610576923076923 0.06610576923076923
0 0.22716346153846154 0.3762019230769231 0.020432692307692308 0.020432692307692308
0 0.09134615384615384 0.3870192307692308 0.018028846153846152 0.018028846153846152
0 0.038461538461538464 0.4855769230769231 0.018028846153846152 0.018028846153846152
0 0.4170673076923077 0.9375 0.025240384615384616 0.025240384615384616
0 0.33774038461538464 0.8521634615384616 0.021634615384615384 0.021634615384615384
0 0.6129807692307693 0.9302884615384616 0.016826923076923076 0.016826923076923076
0 0.051682692307692304 0.8870192307692307 0.028846153846153848 0.028846153846153848
0 0.03125 0.9110576923076923 0.02283653846153846 0.02283653846153846
0 0.3449519230769231 0.9387019230769231 0.03365384615384615 0.03365384615384615
0 0.8052884615384616 0.8509615384615384 0.016826923076923076 0.016826923076923076
0 0.8125 0.8245192307692307 0.06370192307692307 0.06370192307692307
0 0.8353365384615384 0.8485576923076923 0.025240384615384616 0.025240384615384616
0 0.31850961538461536 0.109375 0.030048076923076924 0.030048076923076924