0 0.11538461538461539 0.30528846153846156 0.021634615384615384 0.021634615384615384
0 0.10216346153846154 0.3269230769230769 0.020432692307692308 0.020432692307692308
0 0.013221153846153846 0.39903846153846156 0.02283653846153846 0.02283653846153846
0 0.014423076923076924 0.46634615384615385 0.025240384615384616 0.025240384615384616
0 0.40384615384615385 0.021634615384615384 0.026442307692307692 0.026442307692307692
0 0.5612980769230769 0.016826923076923076 0.018028846153846152 0.018028846153846152
0 0.38341346153846156 0.20673076923076922 0.052884615384615384 0.052884615384615384
0 0.8774038461538461 0.09615384615384616 0.028846153846153848 0.028846153846153848
0 0.8305288461538461 0.1778846153846154 0.016826923076923076 0.016826923076923076
0 0.859375 0.08173076923076923 0.02283653846153846 0.02283653846153846
0 0.9110576923076923 0.6814903846153846 0.09134615384615384 0.09134615384615384
0 0.7512019230769231 0.4411057692307692 0.020432692307692308 0.020432692307692308
0 0.7163461538461539 0.5336538461538461 0.020432692307692308 0.020432692307692308
0 0.5600961538461539 0.5480769230769231 0.020432692307692308 0.020432692307692308
0 0.8221153846153846 0.7752403846153846 0.042067307692307696 0.042067307692307696
0 0.7896634615384616 0.7536057692307693 0.039663461538461536 0.039663461538461536
0 0.4951923076923077 0.5 0.018028846153846152 0.018028846153846152
0 0.5012019230769231 0.546875 0.021634615384615384 0.021634615384615384
0 0.5204326923076923 0.7367788461538461 0.09134615384615384 0.09134615384615384
0 0.6129807692307693 0.5637019230769231 0.078125 0.078125
0 0.21875 0.6165865384615384 0.09014423076923077 0.09014423076923077
0 0.1875 0.6766826923076923 0.04326923076923077 0.04326923076923077
0 0.38822115384615385 0.7247596153846154 0.04326923076923077 0.04326923076923077
0 0.046875 0.47475961538461536 0.026442307692307692 0.026442307692307692
0 0.27524038461538464 0.9278846153846154 0.037259615384615384 0.037259615384615384
0 0.2512019230769231 0.9050480769230769 0.028846153846153848 0.028846153846153848
0 0.6370192307692307 0.8389423076923077 0.03125 0.03125
0 0.9483173076923077 0.9519230769230769 0.021634615384615384 0.021634615384615384
0 0.4519230769230769 0.8858173076923077 0.020432692307692308 0.020432692307692308