0 0.06370192307692307 0.12139423076923077 0.020432692307692308 0.020432692307692308
0 0.21033653846153846 0.2704326923076923 0.08653846153846154 0.08653846153846154
0 0.23076923076923078 0.2439903846153846 0.030048076923076924 0.030048076923076924
0 0.20072115384615385 0.13341346153846154 0.21995192307692307 0.21995192307692307
0 0.19110576923076922 0.02283653846153846 0.042067307692307696 0.042067307692307696
0 0.49278846153846156 0.12740384615384615 0.016826923076923076 0.016826923076923076
0 0.46634615384615385 0.1658653846153846 0.018028846153846152 0.018028846153846152
0 0.6286057692307693 0.3161057692307692 0.030048076923076924 0.030048076923076924
0 0.7175480769230769 0.2536057692307692 0.052884615384615384 0.052884615384615384
0 0.5228365384615384 0.3245192307692308 0.06009615384615385 0.06009615384615385
0 0.34375 0.30288461538461536 0.10697115384615384 0.10697115384615384
0 0.34975961538461536 0.4050480769230769 0.0829326923076923 0.0829326923076923
0 0.4362980769230769 0.33533653846153844 0.125 0.125
0 0.4375 0.5372596153846154 0.028846153846153848 0.028846153846153848
0 0.7379807692307693 0.3870192307692308 0.1045673076923077 0.1045673076923077
0 0.7199519230769231 0.42908653846153844 0.02283653846153846 0.02283653846153846
0 0.6730769230769231 0.3557692307692308 0.10336538461538461 0.10336538461538461
0 0.6574519230769231 0.2764423076923077 0.078125 0.078125
0 0.8161057692307693 0.4855769230769231 0.11177884615384616 0.11177884615384616
0 0.7007211538461539 0.5060096153846154 0.1502403846153846 0.1502403846153846
0 0.5564903846153846 0.46875 0.03365384615384615 0.03365384615384615
0 0.5793269230769231 0.59375 0.07451923076923077 0.07451923076923077
0 0.8088942307692307 0.33774038461538464 0.021634615384615384 0.021634615384615384
0 0.7956730769230769 0.29927884615384615 0.046875 0.046875
0 0.9254807692307693 0.23197115384615385 0.06009615384615385 0.06009615384615385
0 0.8545673076923077 0.26802884615384615 0.02283653846153846 0.02283653846153846
0 0.8389423076923077 0.2512019230769231 0.020432692307692308 0.020432692307692308
0 0.9663461538461539 0.14302884615384615 0.038461538461538464 0.038461538461538464
0 0.90625 0.4855769230769231 0.03365384615384615 0.03365384615384615
0 0.8978365384615384 0.421875 0.018028846153846152 0.018028846153846152
0 0.9591346153846154 0.3329326923076923 0.078125 0.078125
0 0.6706730769230769 0.19951923076923078 0.08052884615384616 0.08052884615384616
0 0.7524038461538461 0.6911057692307693 0.06850961538461539 0.06850961538461539
0 0.7716346153846154 0.7788461538461539 0.038461538461538464 0.038461538461538464
0 0.734375 0.7872596153846154 0.020432692307692308 0.020432692307692308
0 0.71875 0.8329326923076923 0.028846153846153848 0.028846153846153848
0 0.7884615384615384 0.8389423076923077 0.08173076923076923 0.08173076923076923
0 0.9759615384615384 0.8954326923076923 0.026442307692307692 0.026442307692307692
0 0.7596153846153846 0.9086538461538461 0.1045673076923077 0.1045673076923077
0 0.5877403846153846 0.9038461538461539 0.08653846153846154 0.08653846153846154
0 0.6225961538461539 0.9771634615384616 0.02283653846153846 0.02283653846153846
0 0.5504807692307693 0.7043269230769231 0.03365384615384615 0.03365384615384615
0 0.8954326923076923 0.6742788461538461 0.039663461538461536 0.039663461538461536
0 0.8497596153846154 0.8233173076923077 0.06490384615384616 0.06490384615384616
0 0.8930288461538461 0.8064903846153846 0.052884615384615384 0.052884615384615384
0 0.9122596153846154 0.7536057692307693 0.037259615384615384 0.037259615384615384
0 0.5288461538461539 0.765625 0.03365384615384615 0.03365384615384615
0 0.5865384615384616 0.7776442307692307 0.27163461538461536 0.27163461538461536
0 0.5805288461538461 0.8305288461538461 0.016826923076923076 0.016826923076923076
0 0.4254807692307692 0.6346153846153846 0.018028846153846152 0.018028846153846152
0 0.2620192307692308 0.7415865384615384 0.018028846153846152 0.018028846153846152
0 0.3088942307692308 0.8846153846153846 0.038461538461538464 0.038461538461538464
0 0.7247596153846154 0.3798076923076923 0.016826923076923076 0.016826923076923076
0 0.4182692307692308 0.46634615384615385 0.09495192307692307 0.09495192307692307
0 0.051682692307692304 0.5600961538461539 0.09134615384615384 0.09134615384615384
0 0.19471153846153846 0.9230769230769231 0.02283653846153846 0.02283653846153846
0 0.9879807692307693 0.6213942307692307 0.021634615384615384 0.021634615384615384