0 0.052884615384615384 0.2283653846153846 0.021634615384615384 0.021634615384615384
0 0.19951923076923078 0.234375 0.042067307692307696 0.042067307692307696
0 0.8125 0.042067307692307696 0.06129807692307692 0.06129807692307692
0 0.5588942307692307 0.6947115384615384 0.052884615384615384 0.052884615384615384
0 0.7980769230769231 0.5264423076923077 0.13942307692307693 0.13942307692307693
0 0.7620192307692307 0.7788461538461539 0.046875 0.046875
0 0.6694711538461539 0.7295673076923077 0.20673076923076922 0.20673076923076922
0 0.5372596153846154 0.8713942307692307 0.021634615384615384 0.021634615384615384
0 0.36658653846153844 0.8293269230769231 0.03125 0.03125
0 0.8004807692307693 0.9399038461538461 0.04447115384615385 0.04447115384615385
0 0.8125 0.7680288461538461 0.06610576923076923 0.06610576923076923
0 0.7680288461538461 0.8185096153846154 0.028846153846153848 0.028846153846153848
0 0.44471153846153844 0.8449519230769231 0.020432692307692308 0.020432692307692308
0 0.4098557692307692 0.7403846153846154 0.016826923076923076 0.016826923076923076
0 0.13822115384615385 0.4387019230769231 0.03125 0.03125
0 0.1622596153846154 0.6286057692307693 0.02283653846153846 0.02283653846153846
0 0.17548076923076922 0.8461538461538461 0.030048076923076924 0.030048076923076924
0 0.20673076923076922 0.8834134615384616 0.018028846153846152 0.018028846153846152
0 0.15504807692307693 0.9074519230769231 0.020432692307692308 0.020432692307692308
0 0.0889423076923077 0.8701923076923077 0.021634615384615384 0.021634615384615384
0 0.05048076923076923 0.8689903846153846 0.018028846153846152 0.018028846153846152
0 0.06009615384615385 0.9639423076923077 0.026442307692307692 0.026442307692307692
0 0.2512019230769231 0.9639423076923077 0.025240384615384616 0.025240384615384616
0 0.9783653846153846 0.28966346153846156 0.028846153846153848 0.028846153846153848