0 0.08774038461538461 0.19831730769230768 0.020432692307692308 0.020432692307692308
0 0.17427884615384615 0.16826923076923078 0.030048076923076924 0.030048076923076924
0 0.11298076923076923 0.06370192307692307 0.051682692307692304 0.051682692307692304
0 0.34134615384615385 0.3329326923076923 0.026442307692307692 0.026442307692307692
0 0.4230769230769231 0.2620192307692308 0.018028846153846152 0.018028846153846152
0 0.5516826923076923 0.18870192307692307 0.02283653846153846 0.02283653846153846
0 0.5673076923076923 0.23076923076923078 0.018028846153846152 0.018028846153846152
0 0.9567307692307693 0.27524038461538464 0.03125 0.03125
0 0.9026442307692307 0.3473557692307692 0.020432692307692308 0.020432692307692308
0 0.8353365384615384 0.32572115384615385 0.016826923076923076 0.016826923076923076
0 0.20192307692307693 0.2536057692307692 0.020432692307692308 0.020432692307692308
0 0.96875 0.014423076923076924 0.018028846153846152 0.018028846153846152
0 0.96875 0.04927884615384615 0.020432692307692308 0.020432692307692308
0 0.8713942307692307 0.3894230769230769 0.026442307692307692 0.026442307692307692
0 0.8461538461538461 0.36538461538461536 0.018028846153846152 0.018028846153846152
0 0.65625 0.4855769230769231 0.02283653846153846 0.02283653846153846
0 0.7716346153846154 0.5588942307692307 0.020432692307692308 0.020432692307692308
0 0.5745192307692307 0.6021634615384616 0.016826923076923076 0.016826923076923076
0 0.7536057692307693 0.8713942307692307 0.037259615384615384 0.037259615384615384
0 0.8954326923076923 0.7475961538461539 0.203125 0.203125
0 0.7223557692307693 0.8341346153846154 0.12379807692307693 0.12379807692307693
0 0.9254807692307693 0.6081730769230769 0.09134615384615384 0.09134615384615384
0 0.5516826923076923 0.6646634615384616 0.03125 0.03125
0 0.4338942307692308 0.6959134615384616 0.025240384615384616 0.025240384615384616
0 0.4579326923076923 0.7379807692307693 0.018028846153846152 0.018028846153846152
0 0.6021634615384616 0.7728365384615384 0.11538461538461539 0.11538461538461539
0 0.546875 0.3713942307692308 0.021634615384615384 0.021634615384615384
0 0.5757211538461539 0.38461538461538464 0.021634615384615384 0.021634615384615384
0 0.4579326923076923 0.5384615384615384 0.016826923076923076 0.016826923076923076
0 0.2848557692307692 0.6514423076923077 0.02283653846153846 0.02283653846153846
0 0.7319711538461539 0.6346153846153846 0.06129807692307692 0.06129807692307692
0 0.26322115384615385 0.8665865384615384 0.025240384615384616 0.025240384615384616
0 0.1346153846153846 0.8762019230769231 0.016826923076923076 0.016826923076923076
0 0.2956730769230769 0.9170673076923077 0.046875 0.046875
0 0.4855769230769231 0.9338942307692307 0.020432692307692308 0.020432692307692308
0 0.6346153846153846 0.9230769230769231 0.02283653846153846 0.02283653846153846
0 0.15504807692307693 0.3798076923076923 0.018028846153846152 0.018028846153846152
0 0.05889423076923077 0.5012019230769231 0.03125 0.03125
0 0.04567307692307692 0.5192307692307693 0.018028846153846152 0.018028846153846152
0 0.7379807692307693 0.9170673076923077 0.028846153846153848 0.028846153846153848
0 0.4170673076923077 0.8822115384615384 0.038461538461538464 0.038461538461538464