0 0.4338942307692308 0.09495192307692307 0.07692307692307693 0.07692307692307693
0 0.7884615384615384 0.05048076923076923 0.028846153846153848 0.028846153846153848
0 0.8305288461538461 0.0625 0.042067307692307696 0.042067307692307696
0 0.020432692307692308 0.014423076923076924 0.026442307692307692 0.026442307692307692
0 0.039663461538461536 0.11778846153846154 0.025240384615384616 0.025240384615384616
0 0.14543269230769232 0.15384615384615385 0.028846153846153848 0.028846153846153848
0 0.10216346153846154 0.14302884615384615 0.02283653846153846 0.02283653846153846
0 0.17307692307692307 0.12379807692307693 0.026442307692307692 0.026442307692307692
0 0.21153846153846154 0.14543269230769232 0.018028846153846152 0.018028846153846152
0 0.42788461538461536 0.13822115384615385 0.02283653846153846 0.02283653846153846
0 0.32211538461538464 0.16706730769230768 0.08774038461538461 0.08774038461538461
0 0.1141826923076923 0.1814903846153846 0.021634615384615384 0.021634615384615384
0 0.10817307692307693 0.21033653846153846 0.03485576923076923 0.03485576923076923
0 0.055288461538461536 0.31850961538461536 0.026442307692307692 0.026442307692307692
0 0.015625 0.35336538461538464 0.020432692307692308 0.020432692307692308
0 0.10336538461538461 0.28966346153846156 0.016826923076923076 0.016826923076923076
0 0.25721153846153844 0.22596153846153846 0.025240384615384616 0.025240384615384616
0 0.27884615384615385 0.24879807692307693 0.025240384615384616 0.025240384615384616
0 0.3004807692307692 0.27163461538461536 0.018028846153846152 0.018028846153846152
0 0.21153846153846154 0.34975961538461536 0.026442307692307692 0.026442307692307692
0 0.21033653846153846 0.38822115384615385 0.028846153846153848 0.028846153846153848
0 0.5024038461538461 0.18028846153846154 0.020432692307692308 0.020432692307692308
0 0.7259615384615384 0.09495192307692307 0.028846153846153848 0.028846153846153848
0 0.5588942307692307 0.26802884615384615 0.018028846153846152 0.018028846153846152
0 0.6045673076923077 0.28725961538461536 0.021634615384615384 0.021634615384615384
0 0.6177884615384616 0.3125 0.03485576923076923 0.03485576923076923
0 0.6322115384615384 0.3449519230769231 0.042067307692307696 0.042067307692307696
0 0.6502403846153846 0.4050480769230769 0.018028846153846152 0.018028846153846152
0 0.6370192307692307 0.39783653846153844 0.026442307692307692 0.026442307692307692
0 0.28125 0.40384615384615385 0.028846153846153848 0.028846153846153848
0 0.7379807692307693 0.2620192307692308 0.05048076923076923 0.05048076923076923
0 0.6730769230769231 0.15985576923076922 0.0733173076923077 0.0733173076923077
0 0.5576923076923077 0.23798076923076922 0.030048076923076924 0.030048076923076924
0 0.8677884615384616 0.22115384615384615 0.020432692307692308 0.020432692307692308
0 0.875 0.35096153846153844 0.026442307692307692 0.026442307692307692
0 0.7680288461538461 0.33653846153846156 0.018028846153846152 0.018028846153846152
0 0.9146634615384616 0.2403846153846154 0.06370192307692307 0.06370192307692307
0 0.9627403846153846 0.07451923076923077 0.028846153846153848 0.028846153846153848
0 0.8497596153846154 0.17908653846153846 0.021634615384615384 0.021634615384615384
0 0.9230769230769231 0.3858173076923077 0.039663461538461536 0.039663461538461536
0 0.9543269230769231 0.16706730769230768 0.038461538461538464 0.038461538461538464
0 0.9338942307692307 0.6694711538461539 0.039663461538461536 0.039663461538461536
0 0.8954326923076923 0.5685096153846154 0.02283653846153846 0.02283653846153846
0 0.9146634615384616 0.6117788461538461 0.02283653846153846 0.02283653846153846
0 0.90625 0.5961538461538461 0.020432692307692308 0.020432692307692308
0 0.828125 0.53125 0.021634615384615384 0.021634615384615384
0 0.7439903846153846 0.5048076923076923 0.018028846153846152 0.018028846153846152
0 0.6670673076923077 0.4411057692307692 0.030048076923076924 0.030048076923076924
0 0.7103365384615384 0.6802884615384616 0.020432692307692308 0.020432692307692308
0 0.6862980769230769 0.6502403846153846 0.020432692307692308 0.020432692307692308
0 0.6045673076923077 0.65625 0.021634615384615384 0.021634615384615384
0 0.6454326923076923 0.6875 0.028846153846153848 0.028846153846153848
0 0.6766826923076923 0.6706730769230769 0.02283653846153846 0.02283653846153846
0 0.671875 0.7103365384615384 0.03125 0.03125
0 0.7788461538461539 0.6947115384615384 0.038461538461538464 0.038461538461538464
0 0.6057692307692307 0.7716346153846154 0.02283653846153846 0.02283653846153846
0 0.8401442307692307 0.7704326923076923 0.030048076923076924 0.030048076923076924
0 0.8689903846153846 0.7704326923076923 0.020432692307692308 0.020432692307692308
0 0.8930288461538461 0.7608173076923077 0.021634615384615384 0.021634615384615384
0 0.9014423076923077 0.7788461538461539 0.025240384615384616 0.025240384615384616
0 0.9194711538461539 0.7512019230769231 0.021634615384615384 0.021634615384615384
0 0.8978365384615384 0.8125 0.028846153846153848 0.028846153846153848
0 0.9555288461538461 0.8786057692307693 0.025240384615384616 0.025240384615384616
0 0.8317307692307693 0.8978365384615384 0.020432692307692308 0.020432692307692308
0 0.7704326923076923 0.8894230769230769 0.020432692307692308 0.020432692307692308
0 0.7848557692307693 0.90625 0.039663461538461536 0.039663461538461536
0 0.7211538461538461 0.9399038461538461 0.021634615384615384 0.021634615384615384
0 0.6935096153846154 0.9627403846153846 0.02283653846153846 0.02283653846153846
0 0.44471153846153844 0.9495192307692307 0.020432692307692308 0.020432692307692308
0 0.40625 0.9110576923076923 0.020432692307692308 0.020432692307692308
0 0.15625 0.8858173076923077 0.07451923076923077 0.07451923076923077
0 0.06370192307692307 0.8737980769230769 0.016826923076923076 0.016826923076923076
0 0.5072115384615384 0.8762019230769231 0.07211538461538461 0.07211538461538461
0 0.4230769230769231 0.7932692307692307 0.052884615384615384 0.052884615384615384
0 0.4567307692307692 0.7199519230769231 0.07211538461538461 0.07211538461538461
0 0.5168269230769231 0.5516826923076923 0.020432692307692308 0.020432692307692308
0 0.4879807692307692 0.5408653846153846 0.020432692307692308 0.020432692307692308
0 0.5492788461538461 0.5336538461538461 0.020432692307692308 0.020432692307692308
0 0.46875 0.5252403846153846 0.016826923076923076 0.016826923076923076
0 0.4411057692307692 0.5408653846153846 0.028846153846153848 0.028846153846153848
0 0.375 0.6346153846153846 0.028846153846153848 0.028846153846153848
0 0.35096153846153844 0.6502403846153846 0.018028846153846152 0.018028846153846152
0 0.5072115384615384 0.4411057692307692 0.018028846153846152 0.018028846153846152
0 0.5024038461538461 0.47596153846153844 0.03365384615384615 0.03365384615384615
0 0.5036057692307693 0.5108173076923077 0.020432692307692308 0.020432692307692308
0 0.40384615384615385 0.41466346153846156 0.028846153846153848 0.028846153846153848
0 0.38221153846153844 0.42788461538461536 0.018028846153846152 0.018028846153846152
0 0.26322115384615385 0.5528846153846154 0.02283653846153846 0.02283653846153846
0 0.27884615384615385 0.5637019230769231 0.026442307692307692 0.026442307692307692
0 0.29927884615384615 0.5829326923076923 0.018028846153846152 0.018028846153846152
0 0.32091346153846156 0.6947115384615384 0.026442307692307692 0.026442307692307692
0 0.23677884615384615 0.7235576923076923 0.03125 0.03125
0 0.5420673076923077 0.7175480769230769 0.02283653846153846 0.02283653846153846
0 0.18509615384615385 0.6899038461538461 0.07211538461538461 0.07211538461538461
0 0.15625 0.65625 0.03125 0.03125
0 0.2620192307692308 0.6730769230769231 0.039663461538461536 0.039663461538461536
0 0.234375 0.6502403846153846 0.037259615384615384 0.037259615384615384
0 0.2127403846153846 0.41225961538461536 0.020432692307692308 0.020432692307692308
0 0.10216346153846154 0.5108173076923077 0.025240384615384616 0.025240384615384616
0 0.019230769230769232 0.44711538461538464 0.02283653846153846 0.02283653846153846
0 0.026442307692307692 0.9615384615384616 0.038461538461538464 0.038461538461538464
0 0.2704326923076923 0.9711538461538461 0.026442307692307692 0.026442307692307692
0 0.453125 0.9771634615384616 0.025240384615384616 0.025240384615384616