0 0.6310096153846154 0.027644230769230768 0.020432692307692308 0.020432692307692308
0 0.6670673076923077 0.030048076923076924 0.03365384615384615 0.03365384615384615
0 0.2620192307692308 0.015625 0.016826923076923076 0.016826923076923076
0 0.29927884615384615 0.018028846153846152 0.028846153846153848 0.028846153846153848
0 0.11658653846153846 0.3605769230769231 0.09134615384615384 0.09134615384615384
0 0.1141826923076923 0.44471153846153844 0.016826923076923076 0.016826923076923076
0 0.07091346153846154 0.43028846153846156 0.05889423076923077 0.05889423076923077
0 0.1310096153846154 0.25600961538461536 0.02283653846153846 0.02283653846153846
0 0.06610576923076923 0.17307692307692307 0.08533653846153846 0.08533653846153846
0 0.2127403846153846 0.47115384615384615 0.05048076923076923 0.05048076923076923
0 0.09615384615384616 0.4879807692307692 0.05048076923076923 0.05048076923076923
0 0.010817307692307692 0.5072115384615384 0.020432692307692308 0.020432692307692308
0 0.35697115384615385 0.46875 0.028846153846153848 0.028846153846153848
0 0.4362980769230769 0.47716346153846156 0.018028846153846152 0.018028846153846152
0 0.42427884615384615 0.5168269230769231 0.016826923076923076 0.016826923076923076
0 0.5204326923076923 0.46875 0.055288461538461536 0.055288461538461536
0 0.5889423076923077 0.42427884615384615 0.09014423076923077 0.09014423076923077
0 0.6911057692307693 0.45552884615384615 0.055288461538461536 0.055288461538461536
0 0.7355769230769231 0.4579326923076923 0.020432692307692308 0.020432692307692308
0 0.71875 0.49759615384615385 0.025240384615384616 0.025240384615384616
0 0.6947115384615384 0.33413461538461536 0.020432692307692308 0.020432692307692308
0 0.6670673076923077 0.34615384615384615 0.02283653846153846 0.02283653846153846
0 0.6418269230769231 0.28966346153846156 0.020432692307692308 0.020432692307692308
0 0.36778846153846156 0.234375 0.016826923076923076 0.016826923076923076
0 0.3605769230769231 0.16466346153846154 0.020432692307692308 0.020432692307692308
0 0.41466346153846156 0.11057692307692307 0.10817307692307693 0.10817307692307693
0 0.5480769230769231 0.10216346153846154 0.028846153846153848 0.028846153846153848
0 0.5805288461538461 0.18509615384615385 0.021634615384615384 0.021634615384615384
0 0.6875 0.21875 0.016826923076923076 0.016826923076923076
0 0.671875 0.23677884615384615 0.030048076923076924 0.030048076923076924
0 0.6033653846153846 0.13581730769230768 0.026442307692307692 0.026442307692307692
0 0.890625 0.24879807692307693 0.056490384615384616 0.056490384615384616
0 0.9435096153846154 0.34615384615384615 0.026442307692307692 0.026442307692307692
0 0.78125 0.44711538461538464 0.025240384615384616 0.025240384615384616
0 0.9819711538461539 0.4495192307692308 0.018028846153846152 0.018028846153846152
0 0.9639423076923077 0.4230769230769231 0.030048076923076924 0.030048076923076924
0 0.8786057692307693 0.34375 0.08052884615384616 0.08052884615384616
0 0.9495192307692307 0.5516826923076923 0.025240384615384616 0.025240384615384616
0 0.9387019230769231 0.5036057692307693 0.02283653846153846 0.02283653846153846
0 0.765625 0.4963942307692308 0.026442307692307692 0.026442307692307692
0 0.6959134615384616 0.5168269230769231 0.016826923076923076 0.016826923076923076
0 0.6334134615384616 0.5240384615384616 0.016826923076923076 0.016826923076923076
0 0.7415865384615384 0.578125 0.021634615384615384 0.021634615384615384
0 0.7596153846153846 0.6298076923076923 0.09134615384615384 0.09134615384615384
0 0.7295673076923077 0.05889423076923077 0.07692307692307693 0.07692307692307693
0 0.9639423076923077 0.3269230769230769 0.02283653846153846 0.02283653846153846
0 0.8137019230769231 0.8701923076923077 0.016826923076923076 0.016826923076923076
0 0.6730769230769231 0.7644230769230769 0.018028846153846152 0.018028846153846152
0 0.5805288461538461 0.5588942307692307 0.018028846153846152 0.018028846153846152
0 0.5024038461538461 0.6165865384615384 0.030048076923076924 0.030048076923076924
0 0.3942307692307692 0.6670673076923077 0.03125 0.03125
0 0.5865384615384616 0.6117788461538461 0.038461538461538464 0.038461538461538464
0 0.9038461538461539 0.8858173076923077 0.021634615384615384 0.021634615384615384
0 0.9495192307692307 0.7764423076923077 0.020432692307692308 0.020432692307692308
0 0.7007211538461539 0.6730769230769231 0.08533653846153846 0.08533653846153846
0 0.49278846153846156 0.7211538461538461 0.016826923076923076 0.016826923076923076
0 0.35096153846153844 0.6105769230769231 0.016826923076923076 0.016826923076923076
0 0.3545673076923077 0.6298076923076923 0.020432692307692308 0.020432692307692308
0 0.7728365384615384 0.5252403846153846 0.038461538461538464 0.038461538461538464
0 0.35216346153846156 0.8894230769230769 0.025240384615384616 0.025240384615384616
0 0.3016826923076923 0.9026442307692307 0.021634615384615384 0.021634615384615384
0 0.28725961538461536 0.9362980769230769 0.018028846153846152 0.018028846153846152
0 0.25841346153846156 0.9086538461538461 0.020432692307692308 0.020432692307692308
0 0.29447115384615385 0.5769230769230769 0.021634615384615384 0.021634615384615384
0 0.10216346153846154 0.7752403846153846 0.02283653846153846 0.02283653846153846
0 0.13221153846153846 0.8822115384615384 0.018028846153846152 0.018028846153846152
0 0.042067307692307696 0.9771634615384616 0.020432692307692308 0.020432692307692308
0 0.018028846153846152 0.7980769230769231 0.025240384615384616 0.025240384615384616
0 0.47475961538461536 0.15504807692307693 0.021634615384615384 0.021634615384615384
0 0.8545673076923077 0.6586538461538461 0.17307692307692307 0.17307692307692307
0 0.6117788461538461 0.9459134615384616 0.018028846153846152 0.018028846153846152