0 0.7319711538461539 0.47596153846153844 0.3004807692307692 0.3004807692307692
0 0.08173076923076923 0.22355769230769232 0.052884615384615384 0.052884615384615384
0 0.08052884615384616 0.28846153846153844 0.020432692307692308 0.020432692307692308
0 0.037259615384615384 0.27884615384615385 0.07211538461538461 0.07211538461538461
0 0.09615384615384616 0.03125 0.016826923076923076 0.016826923076923076
0 0.2668269230769231 0.3798076923076923 0.03485576923076923 0.03485576923076923
0 0.18870192307692307 0.4266826923076923 0.020432692307692308 0.020432692307692308
0 0.21875 0.4543269230769231 0.025240384615384616 0.025240384615384616
0 0.4495192307692308 0.46274038461538464 0.02283653846153846 0.02283653846153846
0 0.46153846153846156 0.43990384615384615 0.021634615384615384 0.021634615384615384
0 0.5180288461538461 0.19831730769230768 0.018028846153846152 0.018028846153846152
0 0.6923076923076923 0.2800480769230769 0.030048076923076924 0.030048076923076924
0 0.5853365384615384 0.25 0.018028846153846152 0.018028846153846152
0 0.5456730769230769 0.2608173076923077 0.025240384615384616 0.025240384615384616
0 0.5204326923076923 0.42788461538461536 0.02283653846153846 0.02283653846153846
0 0.34615384615384615 0.32211538461538464 0.018028846153846152 0.018028846153846152
0 0.3894230769230769 0.5396634615384616 0.03125 0.03125
0 0.49038461538461536 0.5444711538461539 0.052884615384615384 0.052884615384615384
0 0.4423076923076923 0.49158653846153844 0.025240384615384616 0.025240384615384616
0 0.09014423076923077 0.47475961538461536 0.02283653846153846 0.02283653846153846
0 0.3317307692307692 0.6129807692307693 0.038461538461538464 0.038461538461538464
0 0.4411057692307692 0.5733173076923077 0.06971153846153846 0.06971153846153846
0 0.07211538461538461 0.36778846153846156 0.04326923076923077 0.04326923076923077
0 0.5288461538461539 0.5108173076923077 0.02283653846153846 0.02283653846153846
0 0.7644230769230769 0.2608173076923077 0.018028846153846152 0.018028846153846152
0 0.7572115384615384 0.055288461538461536 0.020432692307692308 0.020432692307692308
0 0.9254807692307693 0.020432692307692308 0.03365384615384615 0.03365384615384615
0 0.9110576923076923 0.06009615384615385 0.046875 0.046875
0 0.8401442307692307 0.042067307692307696 0.06850961538461539 0.06850961538461539
0 0.7427884615384616 0.014423076923076924 0.026442307692307692 0.026442307692307692
0 0.7632211538461539 0.030048076923076924 0.03125 0.03125
0 0.9747596153846154 0.07692307692307693 0.028846153846153848 0.028846153846153848
0 0.9519230769230769 0.04447115384615385 0.026442307692307692 0.026442307692307692
0 0.7776442307692307 0.2548076923076923 0.13221153846153846 0.13221153846153846
0 0.984375 0.25721153846153844 0.028846153846153848 0.028846153846153848
0 0.9567307692307693 0.25841346153846156 0.021634615384615384 0.021634615384615384
0 0.5408653846153846 0.171875 0.042067307692307696 0.042067307692307696
0 0.7283653846153846 0.13942307692307693 0.06971153846153846 0.06971153846153846
0 0.90625 0.20673076923076922 0.11057692307692307 0.11057692307692307
0 0.9086538461538461 0.11899038461538461 0.037259615384615384 0.037259615384615384
0 0.8161057692307693 0.2644230769230769 0.018028846153846152 0.018028846153846152
0 0.7788461538461539 0.3004807692307692 0.016826923076923076 0.016826923076923076
0 0.9855769230769231 0.515625 0.021634615384615384 0.021634615384615384
0 0.9423076923076923 0.9663461538461539 0.030048076923076924 0.030048076923076924
0 0.9483173076923077 0.9302884615384616 0.030048076923076924 0.030048076923076924
0 0.9795673076923077 0.9182692307692307 0.018028846153846152 0.018028846153846152
0 0.9627403846153846 0.7079326923076923 0.03365384615384615 0.03365384615384615
0 0.9819711538461539 0.84375 0.016826923076923076 0.016826923076923076
0 0.90625 0.7439903846153846 0.018028846153846152 0.018028846153846152
0 0.8269230769230769 0.7932692307692307 0.020432692307692308 0.020432692307692308
0 0.7944711538461539 0.7463942307692307 0.020432692307692308 0.020432692307692308
0 0.8377403846153846 0.6911057692307693 0.016826923076923076 0.016826923076923076
0 0.7427884615384616 0.7403846153846154 0.021634615384615384 0.021634615384615384
0 0.5793269230769231 0.7379807692307693 0.026442307692307692 0.026442307692307692
0 0.7584134615384616 0.7788461538461539 0.020432692307692308 0.020432692307692308
0 0.7427884615384616 0.7752403846153846 0.016826923076923076 0.016826923076923076
0 0.8149038461538461 0.8245192307692307 0.016826923076923076 0.016826923076923076
0 0.5997596153846154 0.8088942307692307 0.039663461538461536 0.039663461538461536
0 0.5480769230769231 0.828125 0.04326923076923077 0.04326923076923077
0 0.4987980769230769 0.9314903846153846 0.10336538461538461 0.10336538461538461
0 0.7512019230769231 0.9206730769230769 0.020432692307692308 0.020432692307692308
0 0.8653846153846154 0.8557692307692307 0.08173076923076923 0.08173076923076923
0 0.9615384615384616 0.8341346153846154 0.018028846153846152 0.018028846153846152
0 0.6838942307692307 0.7391826923076923 0.025240384615384616 0.025240384615384616
0 0.37259615384615385 0.8713942307692307 0.15144230769230768 0.15144230769230768
0 0.40865384615384615 0.7223557692307693 0.025240384615384616 0.025240384615384616
0 0.32091346153846156 0.7079326923076923 0.016826923076923076 0.016826923076923076
0 0.84375 0.7451923076923077 0.06850961538461539 0.06850961538461539
0 0.5480769230769231 0.7055288461538461 0.3737980769230769 0.3737980769230769
0 0.6682692307692307 0.9230769230769231 0.030048076923076924 0.030048076923076924
0 0.6502403846153846 0.9507211538461539 0.028846153846153848 0.028846153846153848
0 0.7139423076923077 0.9110576923076923 0.021634615384615384 0.021634615384615384
0 0.7932692307692307 0.953125 0.028846153846153848 0.028846153846153848
0 0.7463942307692307 0.9615384615384616 0.04447115384615385 0.04447115384615385
0 0.6682692307692307 0.7920673076923077 0.037259615384615384 0.037259615384615384
0 0.21394230769230768 0.9603365384615384 0.03365384615384615 0.03365384615384615
0 0.3293269230769231 0.7019230769230769 0.07211538461538461 0.07211538461538461
0 0.38221153846153844 0.7680288461538461 0.06610576923076923 0.06610576923076923
0 0.5048076923076923 0.9254807692307693 0.021634615384615384 0.021634615384615384