0 0.8040865384615384 0.6021634615384616 0.19831730769230768 0.19831730769230768
0 0.24879807692307693 0.02283653846153846 0.018028846153846152 0.018028846153846152
0 0.31009615384615385 0.1045673076923077 0.020432692307692308 0.020432692307692308
0 0.33533653846153844 0.06129807692307692 0.055288461538461536 0.055288461538461536
0 0.5072115384615384 0.08413461538461539 0.09975961538461539 0.09975961538461539
0 0.04807692307692308 0.5817307692307693 0.018028846153846152 0.018028846153846152
0 0.19831730769230768 0.5661057692307693 0.021634615384615384 0.021634615384615384
0 0.1141826923076923 0.5612980769230769 0.02283653846153846 0.02283653846153846
0 0.05889423076923077 0.7199519230769231 0.06370192307692307 0.06370192307692307
0 0.30528846153846156 0.20793269230769232 0.016826923076923076 0.016826923076923076
0 0.19951923076923078 0.12139423076923077 0.018028846153846152 0.018028846153846152
0 0.18389423076923078 0.17067307692307693 0.021634615384615384 0.021634615384615384
0 0.7043269230769231 0.11298076923076923 0.020432692307692308 0.020432692307692308
0 0.5961538461538461 0.3858173076923077 0.020432692307692308 0.020432692307692308
0 0.32091346153846156 0.3004807692307692 0.13822115384615385 0.13822115384615385
0 0.5408653846153846 0.21033653846153846 0.13822115384615385 0.13822115384615385
0 0.6814903846153846 0.3088942307692308 0.10817307692307693 0.10817307692307693
0 0.24879807692307693 0.05889423076923077 0.042067307692307696 0.042067307692307696
0 0.8137019230769231 0.36538461538461536 0.020432692307692308 0.020432692307692308
0 0.9098557692307693 0.05048076923076923 0.018028846153846152 0.018028846153846152
0 0.9747596153846154 0.5084134615384616 0.021634615384615384 0.021634615384615384
0 0.9170673076923077 0.4855769230769231 0.016826923076923076 0.016826923076923076
0 0.8786057692307693 0.5144230769230769 0.025240384615384616 0.025240384615384616
0 0.8125 0.609375 0.016826923076923076 0.016826923076923076
0 0.6862980769230769 0.5252403846153846 0.03365384615384615 0.03365384615384615
0 0.7091346153846154 0.6875 0.02283653846153846 0.02283653846153846
0 0.8028846153846154 0.8762019230769231 0.037259615384615384 0.037259615384615384
0 0.8401442307692307 0.7620192307692307 0.02283653846153846 0.02283653846153846
0 0.6286057692307693 0.96875 0.030048076923076924 0.030048076923076924
0 0.6009615384615384 0.9567307692307693 0.018028846153846152 0.018028846153846152
0 0.5264423076923077 0.9519230769230769 0.05889423076923077 0.05889423076923077
0 0.5048076923076923 0.8149038461538461 0.020432692307692308 0.020432692307692308
0 0.4411057692307692 0.7271634615384616 0.021634615384615384 0.021634615384615384
0 0.4567307692307692 0.6358173076923077 0.018028846153846152 0.018028846153846152
0 0.4807692307692308 0.890625 0.018028846153846152 0.018028846153846152
0 0.5637019230769231 0.5288461538461539 0.02283653846153846 0.02283653846153846
0 0.203125 0.7596153846153846 0.016826923076923076 0.016826923076923076
0 0.40024038461538464 0.8149038461538461 0.08052884615384616 0.08052884615384616