0 0.11177884615384616 0.09975961538461539 0.042067307692307696 0.042067307692307696
0 0.06129807692307692 0.35096153846153844 0.037259615384615384 0.037259615384615384
0 0.34134615384615385 0.23197115384615385 0.021634615384615384 0.021634615384615384
0 0.055288461538461536 0.3942307692307692 0.039663461538461536 0.039663461538461536
0 0.17548076923076922 0.056490384615384616 0.04807692307692308 0.04807692307692308
0 0.28725961538461536 0.10697115384615384 0.020432692307692308 0.020432692307692308
0 0.6983173076923077 0.203125 0.042067307692307696 0.042067307692307696
0 0.13581730769230768 0.24879807692307693 0.04807692307692308 0.04807692307692308
0 0.4579326923076923 0.34975961538461536 0.025240384615384616 0.025240384615384616
0 0.5877403846153846 0.42427884615384615 0.025240384615384616 0.025240384615384616
0 0.8605769230769231 0.3605769230769231 0.07692307692307693 0.07692307692307693
0 0.9567307692307693 0.23677884615384615 0.039663461538461536 0.039663461538461536
0 0.7211538461538461 0.0829326923076923 0.021634615384615384 0.021634615384615384
0 0.7367788461538461 0.052884615384615384 0.04807692307692308 0.04807692307692308
0 0.6262019230769231 0.027644230769230768 0.03485576923076923 0.03485576923076923
0 0.6418269230769231 0.05048076923076923 0.028846153846153848 0.028846153846153848
0 0.19110576923076922 0.09615384615384616 0.028846153846153848 0.028846153846153848
0 0.6586538461538461 0.3317307692307692 0.020432692307692308 0.020432692307692308
0 0.5480769230769231 0.42788461538461536 0.037259615384615384 0.037259615384615384
0 0.30649038461538464 0.234375 0.020432692307692308 0.020432692307692308
0 0.7379807692307693 0.16947115384615385 0.03365384615384615 0.03365384615384615
0 0.7475961538461539 0.21033653846153846 0.03125 0.03125
0 0.6862980769230769 0.3737980769230769 0.046875 0.046875
0 0.7704326923076923 0.3581730769230769 0.03125 0.03125
0 0.41225961538461536 0.09375 0.030048076923076924 0.030048076923076924
0 0.3137019230769231 0.08533653846153846 0.016826923076923076 0.016826923076923076
0 0.46634615384615385 0.0673076923076923 0.025240384615384616 0.025240384615384616
0 0.4735576923076923 0.4338942307692308 0.020432692307692308 0.020432692307692308
0 0.7475961538461539 0.40625 0.051682692307692304 0.051682692307692304
0 0.9447115384615384 0.057692307692307696 0.056490384615384616 0.056490384615384616
0 0.8942307692307693 0.028846153846153848 0.056490384615384616 0.056490384615384616
0 0.9086538461538461 0.6370192307692307 0.020432692307692308 0.020432692307692308
0 0.8028846153846154 0.9819711538461539 0.030048076923076924 0.030048076923076924
0 0.9603365384615384 0.7872596153846154 0.016826923076923076 0.016826923076923076
0 0.6778846153846154 0.6862980769230769 0.021634615384615384 0.021634615384615384
0 0.5901442307692307 0.6754807692307693 0.025240384615384616 0.025240384615384616
0 0.8545673076923077 0.4639423076923077 0.04447115384615385 0.04447115384615385
0 0.8689903846153846 0.4182692307692308 0.030048076923076924 0.030048076923076924
0 0.4014423076923077 0.9567307692307693 0.021634615384615384 0.021634615384615384
0 0.4014423076923077 0.6213942307692307 0.03125 0.03125
0 0.5060096153846154 0.5564903846153846 0.020432692307692308 0.020432692307692308
0 0.6478365384615384 0.8016826923076923 0.020432692307692308 0.020432692307692308
0 0.5360576923076923 0.9086538461538461 0.025240384615384616 0.025240384615384616
0 0.9122596153846154 0.9242788461538461 0.05889423076923077 0.05889423076923077
0 0.22355769230769232 0.5300480769230769 0.037259615384615384 0.037259615384615384
0 0.45913461538461536 0.8341346153846154 0.09975961538461539 0.09975961538461539
0 0.20793269230769232 0.8100961538461539 0.02283653846153846 0.02283653846153846
0 0.06129807692307692 0.7836538461538461 0.020432692307692308 0.020432692307692308
0 0.07692307692307693 0.7403846153846154 0.025240384615384616 0.025240384615384616
0 0.03365384615384615 0.5096153846153846 0.016826923076923076 0.016826923076923076
0 0.025240384615384616 0.5252403846153846 0.016826923076923076 0.016826923076923076
0 0.2980769230769231 0.7848557692307693 0.04447115384615385 0.04447115384615385
0 0.32091346153846156 0.9098557692307693 0.039663461538461536 0.039663461538461536