0 0.5408653846153846 0.40384615384615385 0.15625 0.15625
0 0.3713942307692308 0.4266826923076923 0.40024038461538464 0.40024038461538464
0 0.44711538461538464 0.7103365384615384 0.22716346153846154 0.22716346153846154
0 0.11899038461538461 0.27163461538461536 0.025240384615384616 0.025240384615384616
0 0.09375 0.359375 0.016826923076923076 0.016826923076923076
0 0.08533653846153846 0.3605769230769231 0.09495192307692307 0.09495192307692307
0 0.14783653846153846 0.33533653846153844 0.039663461538461536 0.039663461538461536
0 0.2668269230769231 0.43028846153846156 0.042067307692307696 0.042067307692307696
0 0.4182692307692308 0.421875 0.04326923076923077 0.04326923076923077
0 0.3329326923076923 0.453125 0.020432692307692308 0.020432692307692308
0 0.2848557692307692 0.37740384615384615 0.016826923076923076 0.016826923076923076
0 0.3762019230769231 0.28125 0.04326923076923077 0.04326923076923077
0 0.39783653846153844 0.2512019230769231 0.038461538461538464 0.038461538461538464
0 0.31971153846153844 0.23317307692307693 0.051682692307692304 0.051682692307692304
0 0.38221153846153844 0.1502403846153846 0.028846153846153848 0.028846153846153848
0 0.3701923076923077 0.16466346153846154 0.02283653846153846 0.02283653846153846
0 0.34615384615384615 0.14302884615384615 0.02283653846153846 0.02283653846153846
0 0.21754807692307693 0.19110576923076922 0.03125 0.03125
0 0.2091346153846154 0.28365384615384615 0.037259615384615384 0.037259615384615384
0 0.22716346153846154 0.25600961538461536 0.025240384615384616 0.025240384615384616
0 0.20192307692307693 0.32572115384615385 0.042067307692307696 0.042067307692307696
0 0.25721153846153844 0.3425480769230769 0.026442307692307692 0.026442307692307692
0 0.025240384615384616 0.4230769230769231 0.018028846153846152 0.018028846153846152
0 0.06850961538461539 0.4387019230769231 0.02283653846153846 0.02283653846153846
0 0.1971153846153846 0.0985576923076923 0.03485576923076923 0.03485576923076923
0 0.2824519230769231 0.34975961538461536 0.025240384615384616 0.025240384615384616
0 0.3016826923076923 0.18870192307692307 0.056490384615384616 0.056490384615384616
0 0.2920673076923077 0.15625 0.028846153846153848 0.028846153846153848
0 0.42427884615384615 0.0889423076923077 0.039663461538461536 0.039663461538461536
0 0.42788461538461536 0.05889423076923077 0.037259615384615384 0.037259615384615384
0 0.33653846153846156 0.3641826923076923 0.020432692307692308 0.020432692307692308
0 0.22115384615384615 0.06610576923076923 0.03485576923076923 0.03485576923076923
0 0.5853365384615384 0.06370192307692307 0.055288461538461536 0.055288461538461536
0 0.7331730769230769 0.34134615384615385 0.037259615384615384 0.037259615384615384
0 0.7992788461538461 0.3329326923076923 0.03365384615384615 0.03365384615384615
0 0.8004807692307693 0.35697115384615385 0.025240384615384616 0.025240384615384616
0 0.7800480769230769 0.3786057692307692 0.021634615384615384 0.021634615384615384
0 0.7716346153846154 0.40384615384615385 0.037259615384615384 0.037259615384615384
0 0.8461538461538461 0.3870192307692308 0.026442307692307692 0.026442307692307692
0 0.8569711538461539 0.40625 0.030048076923076924 0.030048076923076924
0 0.7680288461538461 0.44471153846153844 0.03485576923076923 0.03485576923076923
0 0.7704326923076923 0.47115384615384615 0.028846153846153848 0.028846153846153848
0 0.6838942307692307 0.5060096153846154 0.02283653846153846 0.02283653846153846
0 0.6430288461538461 0.6045673076923077 0.051682692307692304 0.051682692307692304
0 0.5841346153846154 0.6262019230769231 0.030048076923076924 0.030048076923076924
0 0.5228365384615384 0.5805288461538461 0.039663461538461536 0.039663461538461536
0 0.4579326923076923 0.5841346153846154 0.026442307692307692 0.026442307692307692
0 0.296875 0.6153846153846154 0.02283653846153846 0.02283653846153846
0 0.26322115384615385 0.5913461538461539 0.042067307692307696 0.042067307692307696
0 0.1141826923076923 0.5072115384615384 0.03365384615384615 0.03365384615384615
0 0.08774038461538461 0.5444711538461539 0.03125 0.03125
0 0.07451923076923077 0.5721153846153846 0.030048076923076924 0.030048076923076924
0 0.2620192307692308 0.5228365384615384 0.025240384615384616 0.025240384615384616
0 0.47475961538461536 0.2704326923076923 0.020432692307692308 0.020432692307692308
0 0.5084134615384616 0.039663461538461536 0.020432692307692308 0.020432692307692308
0 0.7475961538461539 0.14182692307692307 0.030048076923076924 0.030048076923076924
0 0.8305288461538461 0.11298076923076923 0.02283653846153846 0.02283653846153846
0 0.7848557692307693 0.21754807692307693 0.018028846153846152 0.018028846153846152
0 0.8329326923076923 0.24879807692307693 0.020432692307692308 0.020432692307692308
0 0.8605769230769231 0.20793269230769232 0.018028846153846152 0.018028846153846152
0 0.9302884615384616 0.019230769230769232 0.030048076923076924 0.030048076923076924
0 0.9663461538461539 0.06610576923076923 0.025240384615384616 0.025240384615384616
0 0.9519230769230769 0.08774038461538461 0.020432692307692308 0.020432692307692308
0 0.7319711538461539 0.08052884615384616 0.020432692307692308 0.020432692307692308
0 0.9507211538461539 0.25600961538461536 0.030048076923076924 0.030048076923076924
0 0.859375 0.28365384615384615 0.030048076923076924 0.030048076923076924
0 0.8629807692307693 0.32091346153846156 0.03365384615384615 0.03365384615384615
0 0.8389423076923077 0.33653846153846156 0.020432692307692308 0.020432692307692308
0 0.9182692307692307 0.3786057692307692 0.078125 0.078125
0 0.42788461538461536 0.12620192307692307 0.03365384615384615 0.03365384615384615
0 0.7752403846153846 0.2620192307692308 0.1045673076923077 0.1045673076923077
0 0.8882211538461539 0.2824519230769231 0.10216346153846154 0.10216346153846154
0 0.6971153846153846 0.34134615384615385 0.018028846153846152 0.018028846153846152
0 0.7403846153846154 0.3786057692307692 0.030048076923076924 0.030048076923076924
0 0.7668269230769231 0.35697115384615385 0.02283653846153846 0.02283653846153846
0 0.2403846153846154 0.025240384615384616 0.042067307692307696 0.042067307692307696
0 0.5228365384615384 0.10576923076923077 0.03485576923076923 0.03485576923076923
0 0.8737980769230769 0.052884615384615384 0.016826923076923076 0.016826923076923076
0 0.8762019230769231 0.026442307692307692 0.018028846153846152 0.018028846153846152
0 0.8930288461538461 0.8269230769230769 0.016826923076923076 0.016826923076923076
0 0.7728365384615384 0.9519230769230769 0.02283653846153846 0.02283653846153846
0 0.8016826923076923 0.9627403846153846 0.021634615384615384 0.021634615384615384
0 0.7512019230769231 0.6995192307692307 0.042067307692307696 0.042067307692307696
0 0.7896634615384616 0.6694711538461539 0.042067307692307696 0.042067307692307696
0 0.8365384615384616 0.5685096153846154 0.030048076923076924 0.030048076923076924
0 0.6971153846153846 0.6153846153846154 0.039663461538461536 0.039663461538461536
0 0.6346153846153846 0.6538461538461539 0.06009615384615385 0.06009615384615385
0 0.9663461538461539 0.5024038461538461 0.018028846153846152 0.018028846153846152
0 0.8798076923076923 0.6550480769230769 0.03125 0.03125
0 0.8305288461538461 0.6502403846153846 0.056490384615384616 0.056490384615384616
0 0.7295673076923077 0.5612980769230769 0.04447115384615385 0.04447115384615385
0 0.7860576923076923 0.5072115384615384 0.020432692307692308 0.020432692307692308
0 0.8028846153846154 0.5793269230769231 0.10697115384615384 0.10697115384615384
0 0.9122596153846154 0.6346153846153846 0.026442307692307692 0.026442307692307692
0 0.5024038461538461 0.8353365384615384 0.10336538461538461 0.10336538461538461
0 0.5216346153846154 0.9146634615384616 0.020432692307692308 0.020432692307692308
0 0.36538461538461536 0.9447115384615384 0.028846153846153848 0.028846153846153848
0 0.32572115384615385 0.890625 0.07211538461538461 0.07211538461538461
0 0.16105769230769232 0.7391826923076923 0.04326923076923077 0.04326923076923077
0 0.10216346153846154 0.7367788461538461 0.018028846153846152 0.018028846153846152
0 0.41947115384615385 0.9278846153846154 0.025240384615384616 0.025240384615384616
0 0.06971153846153846 0.7067307692307693 0.03125 0.03125
0 0.14783653846153846 0.5985576923076923 0.026442307692307692 0.026442307692307692
0 0.20192307692307693 0.7776442307692307 0.13221153846153846 0.13221153846153846