0 0.9447115384615384 0.05048076923076923 0.026442307692307692 0.026442307692307692
0 0.8713942307692307 0.042067307692307696 0.02283653846153846 0.02283653846153846
0 0.6069711538461539 0.06610576923076923 0.02283653846153846 0.02283653846153846
0 0.21033653846153846 0.27884615384615385 0.020432692307692308 0.020432692307692308
0 0.26802884615384615 0.33533653846153844 0.018028846153846152 0.018028846153846152
0 0.2920673076923077 0.4891826923076923 0.018028846153846152 0.018028846153846152
0 0.23317307692307693 0.5168269230769231 0.020432692307692308 0.020432692307692308
0 0.26802884615384615 0.5480769230769231 0.020432692307692308 0.020432692307692308
0 0.18870192307692307 0.5396634615384616 0.016826923076923076 0.016826923076923076
0 0.15264423076923078 0.11057692307692307 0.018028846153846152 0.018028846153846152
0 0.28365384615384615 0.10216346153846154 0.021634615384615384 0.021634615384615384
0 0.4483173076923077 0.20552884615384615 0.020432692307692308 0.020432692307692308
0 0.46634615384615385 0.2920673076923077 0.02283653846153846 0.02283653846153846
0 0.4495192307692308 0.32211538461538464 0.020432692307692308 0.020432692307692308
0 0.453125 0.10216346153846154 0.038461538461538464 0.038461538461538464
0 0.5120192307692307 0.3713942307692308 0.06370192307692307 0.06370192307692307
0 0.5012019230769231 0.3161057692307692 0.021634615384615384 0.021634615384615384
0 0.6021634615384616 0.28966346153846156 0.025240384615384616 0.025240384615384616
0 0.6478365384615384 0.3173076923076923 0.020432692307692308 0.020432692307692308
0 0.6358173076923077 0.3004807692307692 0.028846153846153848 0.028846153846153848
0 0.6574519230769231 0.265625 0.04447115384615385 0.04447115384615385
0 0.5889423076923077 0.15625 0.021634615384615384 0.021634615384615384
0 0.6622596153846154 0.08413461538461539 0.016826923076923076 0.016826923076923076
0 0.7980769230769231 0.2403846153846154 0.026442307692307692 0.026442307692307692
0 0.8088942307692307 0.2668269230769231 0.025240384615384616 0.025240384615384616
0 0.6995192307692307 0.42908653846153844 0.018028846153846152 0.018028846153846152
0 0.6610576923076923 0.41225961538461536 0.021634615384615384 0.021634615384615384
0 0.7211538461538461 0.4411057692307692 0.016826923076923076 0.016826923076923076
0 0.5637019230769231 0.53125 0.021634615384615384 0.021634615384615384
0 0.5480769230769231 0.5180288461538461 0.018028846153846152 0.018028846153846152
0 0.5360576923076923 0.4362980769230769 0.016826923076923076 0.016826923076923076
0 0.8052884615384616 0.20673076923076922 0.016826923076923076 0.016826923076923076
0 0.6454326923076923 0.5276442307692307 0.10697115384615384 0.10697115384615384
0 0.5144230769230769 0.6201923076923077 0.03125 0.03125
0 0.9170673076923077 0.7620192307692307 0.08653846153846154 0.08653846153846154
0 0.9086538461538461 0.8112980769230769 0.039663461538461536 0.039663461538461536
0 0.8377403846153846 0.7920673076923077 0.02283653846153846 0.02283653846153846
0 0.9903846153846154 0.7115384615384616 0.018028846153846152 0.018028846153846152
0 0.7668269230769231 0.9314903846153846 0.05048076923076923 0.05048076923076923
0 0.6502403846153846 0.8918269230769231 0.021634615384615384 0.021634615384615384
0 0.6262019230769231 0.8798076923076923 0.021634615384615384 0.021634615384615384
0 0.5913461538461539 0.8449519230769231 0.018028846153846152 0.018028846153846152
0 0.6310096153846154 0.6959134615384616 0.020432692307692308 0.020432692307692308
0 0.5889423076923077 0.6526442307692307 0.055288461538461536 0.055288461538461536
0 0.4963942307692308 0.8737980769230769 0.03365384615384615 0.03365384615384615
0 0.4651442307692308 0.8978365384615384 0.020432692307692308 0.020432692307692308
0 0.484375 0.9711538461538461 0.030048076923076924 0.030048076923076924
0 0.20192307692307693 0.9603365384615384 0.016826923076923076 0.016826923076923076
0 0.3786057692307692 0.9302884615384616 0.021634615384615384 0.021634615384615384
0 0.4375 0.8269230769230769 0.020432692307692308 0.020432692307692308
0 0.1466346153846154 0.6394230769230769 0.018028846153846152 0.018028846153846152
0 0.19110576923076922 0.9026442307692307 0.055288461538461536 0.055288461538461536