0 0.16947115384615385 0.3473557692307692 0.32211538461538464 0.32211538461538464
0 0.8052884615384616 0.027644230769230768 0.02283653846153846 0.02283653846153846
0 0.5504807692307693 0.027644230769230768 0.020432692307692308 0.020432692307692308
0 0.7019230769230769 0.028846153846153848 0.04807692307692308 0.04807692307692308
0 0.6887019230769231 0.0673076923076923 0.06370192307692307 0.06370192307692307
0 0.07211538461538461 0.056490384615384616 0.020432692307692308 0.020432692307692308
0 0.10576923076923077 0.0625 0.026442307692307692 0.026442307692307692
0 0.1141826923076923 0.3485576923076923 0.020432692307692308 0.020432692307692308
0 0.2692307692307692 0.5456730769230769 0.03485576923076923 0.03485576923076923
0 0.28125 0.5649038461538461 0.025240384615384616 0.025240384615384616
0 0.45913461538461536 0.5805288461538461 0.018028846153846152 0.018028846153846152
0 0.24278846153846154 0.6670673076923077 0.016826923076923076 0.016826923076923076
0 0.33774038461538464 0.75 0.04326923076923077 0.04326923076923077
0 0.26322115384615385 0.7512019230769231 0.020432692307692308 0.020432692307692308
0 0.5288461538461539 0.7223557692307693 0.020432692307692308 0.020432692307692308
0 0.5432692307692307 0.7403846153846154 0.020432692307692308 0.020432692307692308
0 0.5384615384615384 0.7596153846153846 0.020432692307692308 0.020432692307692308
0 0.5829326923076923 0.4254807692307692 0.016826923076923076 0.016826923076923076
0 0.71875 0.5144230769230769 0.056490384615384616 0.056490384615384616
0 0.6069711538461539 0.7367788461538461 0.06490384615384616 0.06490384615384616
0 0.6153846153846154 0.7800480769230769 0.06009615384615385 0.06009615384615385
0 0.5576923076923077 0.7728365384615384 0.016826923076923076 0.016826923076923076
0 0.6346153846153846 0.5901442307692307 0.08774038461538461 0.08774038461538461
0 0.9387019230769231 0.49759615384615385 0.018028846153846152 0.018028846153846152
0 0.890625 0.2091346153846154 0.020432692307692308 0.020432692307692308
0 0.8401442307692307 0.20793269230769232 0.02283653846153846 0.02283653846153846
0 0.8894230769230769 0.25721153846153844 0.016826923076923076 0.016826923076923076
0 0.59375 0.19951923076923078 0.025240384615384616 0.025240384615384616
0 0.9891826923076923 0.038461538461538464 0.020432692307692308 0.020432692307692308
0 0.9615384615384616 0.04447115384615385 0.016826923076923076 0.016826923076923076
0 0.8990384615384616 0.10817307692307693 0.018028846153846152 0.018028846153846152
0 0.6346153846153846 0.1502403846153846 0.055288461538461536 0.055288461538461536
0 0.6430288461538461 0.453125 0.016826923076923076 0.016826923076923076
0 0.5793269230769231 0.39663461538461536 0.078125 0.078125
0 0.5685096153846154 0.28966346153846156 0.09134615384615384 0.09134615384615384
0 0.5264423076923077 0.24278846153846154 0.02283653846153846 0.02283653846153846
0 0.7572115384615384 0.9254807692307693 0.02283653846153846 0.02283653846153846
0 0.7163461538461539 0.9651442307692307 0.018028846153846152 0.018028846153846152
0 0.39903846153846156 0.9711538461538461 0.02283653846153846 0.02283653846153846
0 0.4170673076923077 0.90625 0.16706730769230768 0.16706730769230768
0 0.2860576923076923 0.9086538461538461 0.025240384615384616 0.025240384615384616
0 0.8846153846153846 0.6514423076923077 0.11057692307692307 0.11057692307692307
0 0.7403846153846154 0.6658653846153846 0.038461538461538464 0.038461538461538464
0 0.6490384615384616 0.6838942307692307 0.06129807692307692 0.06129807692307692
0 0.6514423076923077 0.6394230769230769 0.06370192307692307 0.06370192307692307
0 0.10216346153846154 0.9026442307692307 0.07211538461538461 0.07211538461538461
0 0.18629807692307693 0.9507211538461539 0.03485576923076923 0.03485576923076923
0 0.03245192307692308 0.9290865384615384 0.055288461538461536 0.055288461538461536
0 0.11538461538461539 0.8221153846153846 0.03485576923076923 0.03485576923076923
0 0.14783653846153846 0.8545673076923077 0.055288461538461536 0.055288461538461536
0 0.19230769230769232 0.8221153846153846 0.028846153846153848 0.028846153846153848
0 0.1622596153846154 0.6887019230769231 0.05048076923076923 0.05048076923076923
0 0.054086538461538464 0.7860576923076923 0.042067307692307696 0.042067307692307696
0 0.6670673076923077 0.44471153846153844 0.037259615384615384 0.037259615384615384