0 0.10336538461538461 0.33052884615384615 0.18389423076923078 0.18389423076923078
0 0.5673076923076923 0.578125 0.20192307692307693 0.20192307692307693
0 0.9819711538461539 0.20793269230769232 0.018028846153846152 0.018028846153846152
0 0.9158653846153846 0.08173076923076923 0.016826923076923076 0.016826923076923076
0 0.1971153846153846 0.07451923076923077 0.021634615384615384 0.021634615384615384
0 0.06610576923076923 0.44350961538461536 0.025240384615384616 0.025240384615384616
0 0.03365384615384615 0.4963942307692308 0.018028846153846152 0.018028846153846152
0 0.2764423076923077 0.35096153846153844 0.030048076923076924 0.030048076923076924
0 0.2283653846153846 0.3713942307692308 0.05889423076923077 0.05889423076923077
0 0.1310096153846154 0.4326923076923077 0.028846153846153848 0.028846153846153848
0 0.16105769230769232 0.4495192307692308 0.030048076923076924 0.030048076923076924
0 0.21153846153846154 0.45552884615384615 0.02283653846153846 0.02283653846153846
0 0.1935096153846154 0.4723557692307692 0.03365384615384615 0.03365384615384615
0 0.2403846153846154 0.3112980769230769 0.025240384615384616 0.025240384615384616
0 0.27524038461538464 0.3161057692307692 0.018028846153846152 0.018028846153846152
0 0.2536057692307692 0.3329326923076923 0.028846153846153848 0.028846153846153848
0 0.3401442307692308 0.22115384615384615 0.02283653846153846 0.02283653846153846
0 0.36177884615384615 0.20673076923076922 0.021634615384615384 0.021634615384615384
0 0.3737980769230769 0.28966346153846156 0.020432692307692308 0.020432692307692308
0 0.3629807692307692 0.30528846153846156 0.016826923076923076 0.016826923076923076
0 0.3329326923076923 0.32211538461538464 0.03125 0.03125
0 0.30288461538461536 0.3245192307692308 0.028846153846153848 0.028846153846153848
0 0.36899038461538464 0.38822115384615385 0.026442307692307692 0.026442307692307692
0 0.43149038461538464 0.4026442307692308 0.025240384615384616 0.025240384615384616
0 0.453125 0.07692307692307693 0.028846153846153848 0.028846153846153848
0 0.47115384615384615 0.1141826923076923 0.05048076923076923 0.05048076923076923
0 0.4170673076923077 0.16466346153846154 0.03125 0.03125
0 0.6947115384615384 0.28966346153846156 0.026442307692307692 0.026442307692307692
0 0.8100961538461539 0.40625 0.025240384615384616 0.025240384615384616
0 0.8269230769230769 0.35697115384615385 0.06971153846153846 0.06971153846153846
0 0.7596153846153846 0.28365384615384615 0.08052884615384616 0.08052884615384616
0 0.6646634615384616 0.40865384615384615 0.051682692307692304 0.051682692307692304
0 0.3713942307692308 0.43028846153846156 0.038461538461538464 0.038461538461538464
0 0.36658653846153844 0.6129807692307693 0.05048076923076923 0.05048076923076923
0 0.29927884615384615 0.6177884615384616 0.026442307692307692 0.026442307692307692
0 0.29086538461538464 0.640625 0.026442307692307692 0.026442307692307692
0 0.2644230769230769 0.6442307692307693 0.020432692307692308 0.020432692307692308
0 0.2860576923076923 0.6646634615384616 0.026442307692307692 0.026442307692307692
0 0.31850961538461536 0.5625 0.15144230769230768 0.15144230769230768
0 0.36778846153846156 0.47475961538461536 0.02283653846153846 0.02283653846153846
0 0.34134615384615385 0.46274038461538464 0.026442307692307692 0.026442307692307692
0 0.27884615384615385 0.4675480769230769 0.0733173076923077 0.0733173076923077
0 0.47475961538461536 0.40625 0.030048076923076924 0.030048076923076924
0 0.4387019230769231 0.3641826923076923 0.026442307692307692 0.026442307692307692
0 0.39783653846153844 0.31971153846153844 0.018028846153846152 0.018028846153846152
0 0.46153846153846156 0.7716346153846154 0.021634615384615384 0.021634615384615384
0 0.5805288461538461 0.8305288461538461 0.026442307692307692 0.026442307692307692
0 0.5637019230769231 0.8497596153846154 0.018028846153846152 0.018028846153846152
0 0.32091346153846156 0.8197115384615384 0.030048076923076924 0.030048076923076924
0 0.2920673076923077 0.8509615384615384 0.03125 0.03125
0 0.2668269230769231 0.8305288461538461 0.018028846153846152 0.018028846153846152
0 0.23557692307692307 0.84375 0.03365384615384615 0.03365384615384615
0 0.23076923076923078 0.6430288461538461 0.02283653846153846 0.02283653846153846
0 0.24158653846153846 0.6802884615384616 0.028846153846153848 0.028846153846153848
0 0.22716346153846154 0.7067307692307693 0.0829326923076923 0.0829326923076923
0 0.9411057692307693 0.6610576923076923 0.020432692307692308 0.020432692307692308
0 0.6947115384615384 0.4519230769230769 0.030048076923076924 0.030048076923076924
0 0.6550480769230769 0.44471153846153844 0.025240384615384616 0.025240384615384616
0 0.6742788461538461 0.21754807692307693 0.037259615384615384 0.037259615384615384
0 0.6021634615384616 0.203125 0.025240384615384616 0.025240384615384616
0 0.6201923076923077 0.3161057692307692 0.026442307692307692 0.026442307692307692
0 0.5060096153846154 0.2704326923076923 0.02283653846153846 0.02283653846153846
0 0.43149038461538464 0.20552884615384615 0.08052884615384616 0.08052884615384616
0 0.6201923076923077 0.38221153846153844 0.04807692307692308 0.04807692307692308
0 0.8882211538461539 0.4254807692307692 0.02283653846153846 0.02283653846153846
0 0.7704326923076923 0.9146634615384616 0.03365384615384615 0.03365384615384615
0 0.7103365384615384 0.8846153846153846 0.02283653846153846 0.02283653846153846
0 0.6430288461538461 0.8846153846153846 0.02283653846153846 0.02283653846153846
0 0.5733173076923077 0.96875 0.020432692307692308 0.020432692307692308
0 0.6862980769230769 0.9230769230769231 0.038461538461538464 0.038461538461538464
0 0.6394230769230769 0.9338942307692307 0.016826923076923076 0.016826923076923076
0 0.53125 0.8834134615384616 0.03365384615384615 0.03365384615384615
0 0.5096153846153846 0.9098557692307693 0.018028846153846152 0.018028846153846152
0 0.5 0.8629807692307693 0.021634615384615384 0.021634615384615384
0 0.49038461538461536 0.8786057692307693 0.02283653846153846 0.02283653846153846
0 0.43028846153846156 0.9050480769230769 0.028846153846153848 0.028846153846153848
0 0.36538461538461536 0.9170673076923077 0.038461538461538464 0.038461538461538464
0 0.7487980769230769 0.6754807692307693 0.016826923076923076 0.016826923076923076
0 0.9903846153846154 0.7463942307692307 0.018028846153846152 0.018028846153846152
0 0.24278846153846154 0.9206730769230769 0.021634615384615384 0.021634615384615384
0 0.17668269230769232 0.8822115384615384 0.018028846153846152 0.018028846153846152
0 0.12860576923076922 0.90625 0.04807692307692308 0.04807692307692308
0 0.32211538461538464 0.9278846153846154 0.03365384615384615 0.03365384615384615
0 0.37740384615384615 0.9495192307692307 0.02283653846153846 0.02283653846153846
0 0.49158653846153844 0.6899038461538461 0.028846153846153848 0.028846153846153848