0 0.6598557692307693 0.6646634615384616 0.02283653846153846 0.02283653846153846
0 0.6947115384615384 0.5829326923076923 0.025240384615384616 0.025240384615384616
0 0.8016826923076923 0.19951923076923078 0.02283653846153846 0.02283653846153846
0 0.6322115384615384 0.40625 0.020432692307692308 0.020432692307692308
0 0.2692307692307692 0.65625 0.24639423076923078 0.24639423076923078
0 0.02403846153846154 0.3581730769230769 0.021634615384615384 0.021634615384615384
0 0.1935096153846154 0.8425480769230769 0.03485576923076923 0.03485576923076923
0 0.1778846153846154 0.8677884615384616 0.020432692307692308 0.020432692307692308
0 0.10216346153846154 0.8004807692307693 0.04447115384615385 0.04447115384615385
0 0.15384615384615385 0.7620192307692307 0.0733173076923077 0.0733173076923077
0 0.037259615384615384 0.8834134615384616 0.026442307692307692 0.026442307692307692
0 0.16346153846153846 0.8112980769230769 0.042067307692307696 0.042067307692307696
0 0.5588942307692307 0.9074519230769231 0.05889423076923077 0.05889423076923077
0 0.4951923076923077 0.8677884615384616 0.06850961538461539 0.06850961538461539
0 0.5913461538461539 0.6995192307692307 0.016826923076923076 0.016826923076923076