0 0.02403846153846154 0.46875 0.018028846153846152 0.018028846153846152
0 0.03245192307692308 0.5769230769230769 0.038461538461538464 0.038461538461538464
0 0.11658653846153846 0.6430288461538461 0.03365384615384615 0.03365384615384615
0 0.17067307692307693 0.6754807692307693 0.030048076923076924 0.030048076923076924
0 0.22716346153846154 0.4855769230769231 0.026442307692307692 0.026442307692307692
0 0.23557692307692307 0.5072115384615384 0.06610576923076923 0.06610576923076923
0 0.1778846153846154 0.4495192307692308 0.06971153846153846 0.06971153846153846
0 0.09134615384615384 0.5372596153846154 0.025240384615384616 0.025240384615384616
0 0.17307692307692307 0.36177884615384615 0.052884615384615384 0.052884615384615384
0 0.22956730769230768 0.2920673076923077 0.03125 0.03125
0 0.18389423076923078 0.26802884615384615 0.039663461538461536 0.039663461538461536
0 0.3798076923076923 0.36538461538461536 0.025240384615384616 0.025240384615384616
0 0.2403846153846154 0.3605769230769231 0.020432692307692308 0.020432692307692308
0 0.3545673076923077 0.4411057692307692 0.028846153846153848 0.028846153846153848
0 0.11899038461538461 0.3401442307692308 0.04326923076923077 0.04326923076923077
0 0.6622596153846154 0.5769230769230769 0.10817307692307693 0.10817307692307693
0 0.8737980769230769 0.6045673076923077 0.07451923076923077 0.07451923076923077
0 0.8822115384615384 0.5288461538461539 0.018028846153846152 0.018028846153846152
0 0.7824519230769231 0.6995192307692307 0.02283653846153846 0.02283653846153846
0 0.9146634615384616 0.6766826923076923 0.04447115384615385 0.04447115384615385
0 0.6478365384615384 0.7055288461538461 0.037259615384615384 0.037259615384615384
0 0.6490384615384616 0.7295673076923077 0.018028846153846152 0.018028846153846152
0 0.35697115384615385 0.6177884615384616 0.020432692307692308 0.020432692307692308
0 0.26802884615384615 0.5697115384615384 0.018028846153846152 0.018028846153846152
0 0.5649038461538461 0.5516826923076923 0.11298076923076923 0.11298076923076923
0 0.78125 0.48677884615384615 0.15144230769230768 0.15144230769230768
0 0.8209134615384616 0.5492788461538461 0.018028846153846152 0.018028846153846152
0 0.8353365384615384 0.9254807692307693 0.11298076923076923 0.11298076923076923
0 0.9699519230769231 0.9194711538461539 0.016826923076923076 0.016826923076923076
0 0.6995192307692307 0.9206730769230769 0.016826923076923076 0.016826923076923076
0 0.6754807692307693 0.9290865384615384 0.020432692307692308 0.020432692307692308
0 0.5288461538461539 0.9795673076923077 0.03365384615384615 0.03365384615384615
0 0.5024038461538461 0.9627403846153846 0.03485576923076923 0.03485576923076923
0 0.65625 0.8545673076923077 0.039663461538461536 0.039663461538461536
0 0.6586538461538461 0.8834134615384616 0.026442307692307692 0.026442307692307692
0 0.6117788461538461 0.8870192307692307 0.02283653846153846 0.02283653846153846
0 0.6153846153846154 0.8473557692307693 0.018028846153846152 0.018028846153846152
0 0.7211538461538461 0.7704326923076923 0.02283653846153846 0.02283653846153846
0 0.7403846153846154 0.7620192307692307 0.11658653846153846 0.11658653846153846
0 0.5480769230769231 0.8125 0.025240384615384616 0.025240384615384616
0 0.5901442307692307 0.8317307692307693 0.04807692307692308 0.04807692307692308
0 0.6201923076923077 0.9326923076923077 0.016826923076923076 0.016826923076923076
0 0.18389423076923078 0.7704326923076923 0.03365384615384615 0.03365384615384615
0 0.25721153846153844 0.8521634615384616 0.051682692307692304 0.051682692307692304
0 0.036057692307692304 0.8161057692307693 0.028846153846153848 0.028846153846153848
0 0.09134615384615384 0.8689903846153846 0.037259615384615384 0.037259615384615384
0 0.06971153846153846 0.9158653846153846 0.020432692307692308 0.020432692307692308
0 0.0985576923076923 0.9158653846153846 0.038461538461538464 0.038461538461538464
0 0.4338942307692308 0.8509615384615384 0.05889423076923077 0.05889423076923077
0 0.28966346153846156 0.5504807692307693 0.02283653846153846 0.02283653846153846