0 0.8377403846153846 0.021634615384615384 0.026442307692307692 0.026442307692307692
0 0.8125 0.10817307692307693 0.025240384615384616 0.025240384615384616
0 0.6670673076923077 0.03485576923076923 0.020432692307692308 0.020432692307692308
0 0.47596153846153844 0.02283653846153846 0.030048076923076924 0.030048076923076924
0 0.41225961538461536 0.06971153846153846 0.025240384615384616 0.025240384615384616
0 0.3870192307692308 0.07451923076923077 0.0733173076923077 0.0733173076923077
0 0.32091346153846156 0.10576923076923077 0.037259615384615384 0.037259615384615384
0 0.7860576923076923 0.15504807692307693 0.02283653846153846 0.02283653846153846
0 0.28365384615384615 0.18629807692307693 0.042067307692307696 0.042067307692307696
0 0.3112980769230769 0.14903846153846154 0.056490384615384616 0.056490384615384616
0 0.3269230769230769 0.18629807692307693 0.03365384615384615 0.03365384615384615
0 0.31850961538461536 0.21754807692307693 0.039663461538461536 0.039663461538461536
0 0.11778846153846154 0.24519230769230768 0.042067307692307696 0.042067307692307696
0 0.10216346153846154 0.21514423076923078 0.02283653846153846 0.02283653846153846
0 0.18629807692307693 0.1971153846153846 0.025240384615384616 0.025240384615384616
0 0.13341346153846154 0.26802884615384615 0.04447115384615385 0.04447115384615385
0 0.03365384615384615 0.2439903846153846 0.03125 0.03125
0 0.0829326923076923 0.140625 0.021634615384615384 0.021634615384615384
0 0.19471153846153846 0.09134615384615384 0.020432692307692308 0.020432692307692308
0 0.18990384615384615 0.13701923076923078 0.018028846153846152 0.018028846153846152
0 0.021634615384615384 0.10817307692307693 0.021634615384615384 0.021634615384615384
0 0.04447115384615385 0.11658653846153846 0.018028846153846152 0.018028846153846152
0 0.46033653846153844 0.09735576923076923 0.016826923076923076 0.016826923076923076
0 0.3762019230769231 0.18028846153846154 0.038461538461538464 0.038461538461538464
0 0.042067307692307696 0.4074519230769231 0.04807692307692308 0.04807692307692308
0 0.06370192307692307 0.3701923076923077 0.030048076923076924 0.030048076923076924
0 0.040865384615384616 0.3629807692307692 0.021634615384615384 0.021634615384615384
0 0.06971153846153846 0.3317307692307692 0.025240384615384616 0.025240384615384616
0 0.014423076923076924 0.2932692307692308 0.018028846153846152 0.018028846153846152
0 0.10096153846153846 0.34134615384615385 0.028846153846153848 0.028846153846153848
0 0.18509615384615385 0.3545673076923077 0.03125 0.03125
0 0.18870192307692307 0.3870192307692308 0.02283653846153846 0.02283653846153846
0 0.15144230769230768 0.39663461538461536 0.020432692307692308 0.020432692307692308
0 0.09615384615384616 0.3942307692307692 0.02283653846153846 0.02283653846153846
0 0.13221153846153846 0.46274038461538464 0.042067307692307696 0.042067307692307696
0 0.06009615384615385 0.4987980769230769 0.02283653846153846 0.02283653846153846
0 0.019230769230769232 0.49038461538461536 0.020432692307692308 0.020432692307692308
0 0.08533653846153846 0.5012019230769231 0.03485576923076923 0.03485576923076923
0 0.10216346153846154 0.5120192307692307 0.021634615384615384 0.021634615384615384
0 0.06971153846153846 0.53125 0.028846153846153848 0.028846153846153848
0 0.039663461538461536 0.5396634615384616 0.030048076923076924 0.030048076923076924
0 0.08653846153846154 0.5757211538461539 0.055288461538461536 0.055288461538461536
0 0.19591346153846154 0.40625 0.026442307692307692 0.026442307692307692
0 0.1875 0.5540865384615384 0.05889423076923077 0.05889423076923077
0 0.1502403846153846 0.6045673076923077 0.02283653846153846 0.02283653846153846
0 0.3088942307692308 0.47716346153846156 0.028846153846153848 0.028846153846153848
0 0.19951923076923078 0.5012019230769231 0.021634615384615384 0.021634615384615384
0 0.14783653846153846 0.5252403846153846 0.026442307692307692 0.026442307692307692
0 0.3016826923076923 0.5444711538461539 0.020432692307692308 0.020432692307692308
0 0.27884615384615385 0.546875 0.037259615384615384 0.037259615384615384
0 0.27283653846153844 0.5745192307692307 0.016826923076923076 0.016826923076923076
0 0.29927884615384615 0.5913461538461539 0.021634615384615384 0.021634615384615384
0 0.3269230769230769 0.5925480769230769 0.028846153846153848 0.028846153846153848
0 0.35216346153846156 0.5685096153846154 0.039663461538461536 0.039663461538461536
0 0.3894230769230769 0.6105769230769231 0.025240384615384616 0.025240384615384616
0 0.35216346153846156 0.6081730769230769 0.02283653846153846 0.02283653846153846
0 0.5396634615384616 0.47716346153846156 0.14543269230769232 0.14543269230769232
0 0.5504807692307693 0.4182692307692308 0.030048076923076924 0.030048076923076924
0 0.5096153846153846 0.39783653846153844 0.039663461538461536 0.039663461538461536
0 0.5180288461538461 0.40625 0.037259615384615384 0.037259615384615384
0 0.41947115384615385 0.4987980769230769 0.051682692307692304 0.051682692307692304
0 0.7403846153846154 0.49158653846153844 0.03125 0.03125
0 0.7151442307692307 0.49158653846153844 0.025240384615384616 0.025240384615384616
0 0.6911057692307693 0.49038461538461536 0.021634615384615384 0.021634615384615384
0 0.546875 0.640625 0.020432692307692308 0.020432692307692308
0 0.4675480769230769 0.6887019230769231 0.02283653846153846 0.02283653846153846
0 0.59375 0.3870192307692308 0.03125 0.03125
0 0.30408653846153844 0.3485576923076923 0.020432692307692308 0.020432692307692308
0 0.21995192307692307 0.18269230769230768 0.016826923076923076 0.016826923076923076
0 0.6634615384615384 0.18629807692307693 0.02283653846153846 0.02283653846153846
0 0.6141826923076923 0.25 0.020432692307692308 0.020432692307692308
0 0.7307692307692307 0.23557692307692307 0.016826923076923076 0.016826923076923076
0 0.9399038461538461 0.19951923076923078 0.026442307692307692 0.026442307692307692
0 0.7908653846153846 0.2920673076923077 0.025240384615384616 0.025240384615384616
0 0.7644230769230769 0.30649038461538464 0.018028846153846152 0.018028846153846152
0 0.7463942307692307 0.3004807692307692 0.018028846153846152 0.018028846153846152
0 0.6021634615384616 0.34615384615384615 0.018028846153846152 0.018028846153846152
0 0.6550480769230769 0.41947115384615385 0.030048076923076924 0.030048076923076924
0 0.6911057692307693 0.4338942307692308 0.042067307692307696 0.042067307692307696
0 0.7920673076923077 0.47716346153846156 0.016826923076923076 0.016826923076923076
0 0.5516826923076923 0.7019230769230769 0.021634615384615384 0.021634615384615384
0 0.4723557692307692 0.7403846153846154 0.020432692307692308 0.020432692307692308
0 0.23197115384615385 0.7355769230769231 0.055288461538461536 0.055288461538461536
0 0.3762019230769231 0.6478365384615384 0.016826923076923076 0.016826923076923076
0 0.5588942307692307 0.625 0.028846153846153848 0.028846153846153848
0 0.6225961538461539 0.6286057692307693 0.02283653846153846 0.02283653846153846
0 0.6129807692307693 0.6514423076923077 0.018028846153846152 0.018028846153846152
0 0.9266826923076923 0.6346153846153846 0.018028846153846152 0.018028846153846152
0 0.5673076923076923 0.7247596153846154 0.039663461538461536 0.039663461538461536
0 0.5060096153846154 0.109375 0.056490384615384616 0.056490384615384616
0 0.45072115384615385 0.14783653846153846 0.09014423076923077 0.09014423076923077
0 0.8221153846153846 0.11778846153846154 0.11057692307692307 0.11057692307692307
0 0.9711538461538461 0.4567307692307692 0.020432692307692308 0.020432692307692308
0 0.953125 0.3389423076923077 0.016826923076923076 0.016826923076923076
0 0.9795673076923077 0.33533653846153844 0.021634615384615384 0.021634615384615384
0 0.9302884615384616 0.3942307692307692 0.021634615384615384 0.021634615384615384
0 0.6129807692307693 0.9663461538461539 0.03365384615384615 0.03365384615384615
0 0.5997596153846154 0.9326923076923077 0.025240384615384616 0.025240384615384616
0 0.7788461538461539 0.8605769230769231 0.026442307692307692 0.026442307692307692
0 0.7103365384615384 0.9086538461538461 0.039663461538461536 0.039663461538461536
0 0.6887019230769231 0.9423076923076923 0.037259615384615384 0.037259615384615384
0 0.6706730769230769 0.8882211538461539 0.018028846153846152 0.018028846153846152
0 0.9663461538461539 0.7584134615384616 0.02283653846153846 0.02283653846153846
0 0.8834134615384616 0.7776442307692307 0.016826923076923076 0.016826923076923076
0 0.8233173076923077 0.9146634615384616 0.06850961538461539 0.06850961538461539
0 0.9411057692307693 0.8569711538461539 0.05048076923076923 0.05048076923076923
0 0.7548076923076923 0.9603365384615384 0.03365384615384615 0.03365384615384615
0 0.9230769230769231 0.8100961538461539 0.04447115384615385 0.04447115384615385
0 0.7512019230769231 0.8233173076923077 0.03485576923076923 0.03485576923076923
0 0.5432692307692307 0.9134615384615384 0.055288461538461536 0.055288461538461536
0 0.5036057692307693 0.8846153846153846 0.08653846153846154 0.08653846153846154
0 0.5865384615384616 0.8401442307692307 0.018028846153846152 0.018028846153846152
0 0.3137019230769231 0.8125 0.020432692307692308 0.020432692307692308
0 0.3088942307692308 0.8305288461538461 0.02283653846153846 0.02283653846153846
0 0.28125 0.8052884615384616 0.021634615384615384 0.021634615384615384
0 0.140625 0.7980769230769231 0.03365384615384615 0.03365384615384615
0 0.17067307692307693 0.8629807692307693 0.026442307692307692 0.026442307692307692
0 0.31490384615384615 0.8677884615384616 0.018028846153846152 0.018028846153846152
0 0.17548076923076922 0.9399038461538461 0.037259615384615384 0.037259615384615384
0 0.11538461538461539 0.9074519230769231 0.018028846153846152 0.018028846153846152
0 0.16346153846153846 0.9555288461538461 0.025240384615384616 0.025240384615384616
0 0.09615384615384616 0.9723557692307693 0.018028846153846152 0.018028846153846152
0 0.037259615384615384 0.8978365384615384 0.03125 0.03125
0 0.051682692307692304 0.8293269230769231 0.02283653846153846 0.02283653846153846
0 0.054086538461538464 0.9519230769230769 0.05048076923076923 0.05048076923076923
0 0.4230769230769231 0.9579326923076923 0.020432692307692308 0.020432692307692308
0 0.42788461538461536 0.7463942307692307 0.016826923076923076 0.016826923076923076
0 0.3870192307692308 0.9795673076923077 0.030048076923076924 0.030048076923076924
0 0.34375 0.6610576923076923 0.021634615384615384 0.021634615384615384
0 0.33774038461538464 0.36778846153846156 0.020432692307692308 0.020432692307692308
0 0.7211538461538461 0.6201923076923077 0.020432692307692308 0.020432692307692308
0 0.4230769230769231 0.9447115384615384 0.06971153846153846 0.06971153846153846
0 0.12259615384615384 0.8173076923076923 0.03125 0.03125