0 0.4423076923076923 0.24639423076923078 0.2127403846153846 0.2127403846153846
0 0.8413461538461539 0.08774038461538461 0.03125 0.03125
0 0.9194711538461539 0.11298076923076923 0.021634615384615384 0.021634615384615384
0 0.9350961538461539 0.028846153846153848 0.038461538461538464 0.038461538461538464
0 0.7283653846153846 0.15865384615384615 0.03365384615384615 0.03365384615384615
0 0.13701923076923078 0.04807692307692308 0.018028846153846152 0.018028846153846152
0 0.42788461538461536 0.02403846153846154 0.02283653846153846 0.02283653846153846
0 0.38100961538461536 0.042067307692307696 0.028846153846153848 0.028846153846153848
0 0.36658653846153844 0.08774038461538461 0.042067307692307696 0.042067307692307696
0 0.42788461538461536 0.09134615384615384 0.026442307692307692 0.026442307692307692
0 0.6514423076923077 0.12860576923076922 0.030048076923076924 0.030048076923076924
0 0.46274038461538464 0.042067307692307696 0.06850961538461539 0.06850961538461539
0 0.5324519230769231 0.08774038461538461 0.016826923076923076 0.016826923076923076
0 0.5348557692307693 0.05048076923076923 0.03485576923076923 0.03485576923076923
0 0.5961538461538461 0.025240384615384616 0.02283653846153846 0.02283653846153846
0 0.4254807692307692 0.13701923076923078 0.05048076923076923 0.05048076923076923
0 0.3401442307692308 0.14543269230769232 0.037259615384615384 0.037259615384615384
0 0.29447115384615385 0.12379807692307693 0.03485576923076923 0.03485576923076923
0 0.29086538461538464 0.06971153846153846 0.025240384615384616 0.025240384615384616
0 0.15504807692307693 0.11298076923076923 0.025240384615384616 0.025240384615384616
0 0.14302884615384615 0.07211538461538461 0.020432692307692308 0.020432692307692308
0 0.08774038461538461 0.07211538461538461 0.020432692307692308 0.020432692307692308
0 0.10576923076923077 0.09975961538461539 0.018028846153846152 0.018028846153846152
0 0.04927884615384615 0.10817307692307693 0.02283653846153846 0.02283653846153846
0 0.014423076923076924 0.10697115384615384 0.020432692307692308 0.020432692307692308
0 0.09975961538461539 0.14783653846153846 0.03365384615384615 0.03365384615384615
0 0.12259615384615384 0.12740384615384615 0.03365384615384615 0.03365384615384615
0 0.15384615384615385 0.16105769230769232 0.04447115384615385 0.04447115384615385
0 0.53125 0.020432692307692308 0.030048076923076924 0.030048076923076924
0 0.625 0.06971153846153846 0.05889423076923077 0.05889423076923077
0 0.6694711538461539 0.016826923076923076 0.018028846153846152 0.018028846153846152
0 0.11057692307692307 0.23197115384615385 0.021634615384615384 0.021634615384615384
0 0.24278846153846154 0.25600961538461536 0.03365384615384615 0.03365384615384615
0 0.16346153846153846 0.25841346153846156 0.028846153846153848 0.028846153846153848
0 0.13221153846153846 0.47596153846153844 0.026442307692307692 0.026442307692307692
0 0.1971153846153846 0.453125 0.028846153846153848 0.028846153846153848
0 0.27884615384615385 0.45552884615384615 0.020432692307692308 0.020432692307692308
0 0.38461538461538464 0.5348557692307693 0.056490384615384616 0.056490384615384616
0 0.31971153846153844 0.5372596153846154 0.03485576923076923 0.03485576923076923
0 0.27884615384615385 0.59375 0.025240384615384616 0.025240384615384616
0 0.1778846153846154 0.6454326923076923 0.07692307692307693 0.07692307692307693
0 0.19230769230769232 0.6814903846153846 0.018028846153846152 0.018028846153846152
0 0.32572115384615385 0.6177884615384616 0.039663461538461536 0.039663461538461536
0 0.38100961538461536 0.47836538461538464 0.042067307692307696 0.042067307692307696
0 0.4387019230769231 0.46033653846153844 0.06490384615384616 0.06490384615384616
0 0.2860576923076923 0.3762019230769231 0.021634615384615384 0.021634615384615384
0 0.29927884615384615 0.34134615384615385 0.026442307692307692 0.026442307692307692
0 0.3449519230769231 0.3389423076923077 0.038461538461538464 0.038461538461538464
0 0.25721153846153844 0.3161057692307692 0.051682692307692304 0.051682692307692304
0 0.21754807692307693 0.33774038461538464 0.02283653846153846 0.02283653846153846
0 0.19591346153846154 0.29086538461538464 0.018028846153846152 0.018028846153846152
0 0.2644230769230769 0.22235576923076922 0.025240384615384616 0.025240384615384616
0 0.10576923076923077 0.18028846153846154 0.04807692307692308 0.04807692307692308
0 0.33533653846153844 0.38221153846153844 0.05889423076923077 0.05889423076923077
0 0.359375 0.41947115384615385 0.06610576923076923 0.06610576923076923
0 0.5540865384615384 0.32211538461538464 0.03485576923076923 0.03485576923076923
0 0.5588942307692307 0.421875 0.021634615384615384 0.021634615384615384
0 0.5348557692307693 0.4579326923076923 0.028846153846153848 0.028846153846153848
0 0.5552884615384616 0.5252403846153846 0.026442307692307692 0.026442307692307692
0 0.3798076923076923 0.6105769230769231 0.1045673076923077 0.1045673076923077
0 0.3317307692307692 0.5036057692307693 0.039663461538461536 0.039663461538461536
0 0.44471153846153844 0.40625 0.03365384615384615 0.03365384615384615
0 0.5997596153846154 0.5829326923076923 0.028846153846153848 0.028846153846153848
0 0.4951923076923077 0.7055288461538461 0.16346153846153846 0.16346153846153846
0 0.4855769230769231 0.7836538461538461 0.04326923076923077 0.04326923076923077
0 0.359375 0.6850961538461539 0.03365384615384615 0.03365384615384615
0 0.35697115384615385 0.7536057692307693 0.08173076923076923 0.08173076923076923
0 0.36899038461538464 0.8016826923076923 0.03125 0.03125
0 0.28365384615384615 0.7451923076923077 0.04807692307692308 0.04807692307692308
0 0.27163461538461536 0.703125 0.03365384615384615 0.03365384615384615
0 0.042067307692307696 0.6959134615384616 0.052884615384615384 0.052884615384615384
0 0.28365384615384615 0.7896634615384616 0.052884615384615384 0.052884615384615384
0 0.2980769230769231 0.8185096153846154 0.05048076923076923 0.05048076923076923
0 0.31850961538461536 0.8401442307692307 0.03125 0.03125
0 0.3004807692307692 0.8846153846153846 0.055288461538461536 0.055288461538461536
0 0.1971153846153846 0.7307692307692307 0.016826923076923076 0.016826923076923076
0 0.23197115384615385 0.7355769230769231 0.025240384615384616 0.025240384615384616
0 0.17307692307692307 0.7596153846153846 0.020432692307692308 0.020432692307692308
0 0.22355769230769232 0.8966346153846154 0.06610576923076923 0.06610576923076923
0 0.028846153846153848 0.8521634615384616 0.038461538461538464 0.038461538461538464
0 0.036057692307692304 0.7536057692307693 0.016826923076923076 0.016826923076923076
0 0.16947115384615385 0.6225961538461539 0.03485576923076923 0.03485576923076923
0 0.41586538461538464 0.24639423076923078 0.030048076923076924 0.030048076923076924
0 0.40625 0.27283653846153844 0.039663461538461536 0.039663461538461536
0 0.40384615384615385 0.20192307692307693 0.042067307692307696 0.042067307692307696
0 0.6286057692307693 0.1502403846153846 0.018028846153846152 0.018028846153846152
0 0.8028846153846154 0.37740384615384615 0.04447115384615385 0.04447115384615385
0 0.8713942307692307 0.5925480769230769 0.06129807692307692 0.06129807692307692
0 0.8834134615384616 0.5432692307692307 0.056490384615384616 0.056490384615384616
0 0.9387019230769231 0.5925480769230769 0.020432692307692308 0.020432692307692308
0 0.9098557692307693 0.6286057692307693 0.021634615384615384 0.021634615384615384
0 0.8305288461538461 0.6322115384615384 0.026442307692307692 0.026442307692307692
0 0.6646634615384616 0.5420673076923077 0.02283653846153846 0.02283653846153846
0 0.8713942307692307 0.6430288461538461 0.03125 0.03125
0 0.8521634615384616 0.6694711538461539 0.051682692307692304 0.051682692307692304
0 0.8521634615384616 0.7007211538461539 0.05048076923076923 0.05048076923076923
0 0.9254807692307693 0.7079326923076923 0.052884615384615384 0.052884615384615384
0 0.9230769230769231 0.7524038461538461 0.025240384615384616 0.025240384615384616
0 0.8653846153846154 0.8918269230769231 0.026442307692307692 0.026442307692307692
0 0.7704326923076923 0.9278846153846154 0.038461538461538464 0.038461538461538464
0 0.8197115384615384 0.8353365384615384 0.20673076923076922 0.20673076923076922
0 0.8413461538461539 0.7271634615384616 0.037259615384615384 0.037259615384615384
0 0.7151442307692307 0.5492788461538461 0.03485576923076923 0.03485576923076923
0 0.7019230769230769 0.6177884615384616 0.07451923076923077 0.07451923076923077
0 0.7572115384615384 0.6911057692307693 0.018028846153846152 0.018028846153846152
0 0.44711538461538464 0.8329326923076923 0.021634615384615384 0.021634615384615384
0 0.4795673076923077 0.8112980769230769 0.018028846153846152 0.018028846153846152
0 0.40384615384615385 0.8329326923076923 0.018028846153846152 0.018028846153846152
0 0.40865384615384615 0.8978365384615384 0.020432692307692308 0.020432692307692308
0 0.3425480769230769 0.9411057692307693 0.03125 0.03125
0 0.35216346153846156 0.9615384615384616 0.018028846153846152 0.018028846153846152
0 0.3245192307692308 0.9194711538461539 0.021634615384615384 0.021634615384615384
0 0.38341346153846156 0.9362980769230769 0.025240384615384616 0.025240384615384616
0 0.375 0.9194711538461539 0.021634615384615384 0.021634615384615384
0 0.4254807692307692 0.9495192307692307 0.039663461538461536 0.039663461538461536
0 0.5072115384615384 0.9399038461538461 0.03485576923076923 0.03485576923076923
0 0.53125 0.8653846153846154 0.038461538461538464 0.038461538461538464
0 0.5372596153846154 0.828125 0.03485576923076923 0.03485576923076923
0 0.35697115384615385 0.8677884615384616 0.025240384615384616 0.025240384615384616
0 0.43028846153846156 0.8497596153846154 0.025240384615384616 0.025240384615384616
0 0.7487980769230769 0.9627403846153846 0.025240384615384616 0.025240384615384616
0 0.25600961538461536 0.9603365384615384 0.042067307692307696 0.042067307692307696
0 0.29447115384615385 0.9519230769230769 0.046875 0.046875